A	C	D	E	F	G	H	I	K	L	M	N	P	Q	R	S	T	V	W	Y
A	243	185	438	468	513	521	366	699	681	1134	310	514	188	469	1042	556	552	924	231	571
C	0	697	177	192	258	222	177	299	269	454	138	245	85	191	338	266	251	420	111	243
D	0	0	271	483	409	616	1435	454	2653	761	196	1000	193	817	3976	1453	1082	611	350	1606
E	0	0	0	316	501	688	1252	546	3343	946	253	1125	327	925	4993	1519	1127	683	452	1815
F	0	0	0	0	375	492	358	958	620	1341	366	499	236	509	805	581	478	1083	245	671
G	0	0	0	0	0	320	396	582	781	1028	229	741	267	578	1236	784	634	834	236	600
H	0	0	0	0	0	0	268	443	518	672	176	539	257	515	675	776	625	545	160	851
I	0	0	0	0	0	0	0	753	753	2091	480	673	243	577	914	662	724	1669	263	790
K	0	0	0	0	0	0	0	0	408	1248	322	1022	450	1059	942	1068	982	888	222	950
L	0	0	0	0	0	0	0	0	0	1635	710	885	394	998	1805	1075	959	2364	561	1378
M	0	0	0	0	0	0	0	0	0	0	97	257	100	276	432	275	284	488	148	385
N	0	0	0	0	0	0	0	0	0	0	0	674	405	921	1403	1061	887	758	288	856
P	0	0	0	0	0	0	0	0	0	0	0	0	78	398	888	371	293	267	231	490
Q	0	0	0	0	0	0	0	0	0	0	0	0	0	483	1512	929	812	725	291	872
R	0	0	0	0	0	0	0	0	0	0	0	0	0	0	729	1597	1273	1155	412	1305
S	0	0	0	0	0	0	0	0	0	0	0	0	0	0	0	535	912	849	376	897
T	0	0	0	0	0	0	0	0	0	0	0	0	0	0	0	0	470	966	271	707
V	0	0	0	0	0	0	0	0	0	0	0	0	0	0	0	0	0	1036	312	937
W	0	0	0	0	0	0	0	0	0	0	0	0	0	0	0	0	0	0	66	307
Y	0	0	0	0	0	0	0	0	0	0	0	0	0	0	0	0	0	0	0	368
