x
0.00177851
0.00197404
0.00217637
0.00283037
0.00288849
0.00340069
0.00379159
0.00383027
0.00414002
0.0043731
0.0044536
0.00471491
0.00504664
0.00506076
0.00517742
0.00518976
0.00519943
0.00530174
0.00590998
0.00618316
0.00638042
0.00642915
0.00670546
0.00733028
0.00745018
0.00756241
0.00770046
0.00856838
0.00882142
0.00935116
0.0108378
0.0111517
0.0117183
0.0120461
0.012128
0.0122553
0.0126518
0.012889
0.0130233
0.014189
0.0152415
0.0153637
0.0157787
0.0161613
0.0164742
0.0166735
0.016733
0.01722
0.0174767
0.0176949
0.0185056
0.0189714
0.0196497
0.0201802
0.020818
0.0210679
0.0210754
0.0211717
0.0222569
0.0224644
0.0225921
0.0231902
0.0232938
0.0236776
0.0256793
0.0260146
0.0260708
0.0266754
0.0274113
0.0278341
0.0279079
0.0280838
0.0281825
0.0307379
0.0312174
0.0312653
0.0315352
0.0319899
0.0324497
0.0333484
0.0336804
0.0337314
0.0342909
0.0346764
0.0349401
0.0356715
0.0358336
0.0360239
0.0381268
0.0398929
0.0420001
0.0443626
0.0464151
0.0473012
0.0481107
0.0501795
0.0506371
0.0520234
0.0522899
0.052704
0.0541011
0.0555379
0.0556971
0.0559281
0.056699
0.0570596
0.0576102
0.0610195
0.0620175
0.062444
0.0630146
0.0649764
0.0652688
0.0668246
0.0680589
0.0694335
0.0701938
0.073144
0.0734777
0.0763825
0.0797928
0.0804053
0.0830686
0.0857023
0.0862486
0.0863963
0.0883867
0.0892378
0.0893168
0.0899719
0.0904929
0.0905156
0.0914444
0.0917278
0.0922123
0.0962639
0.0982305
0.0985833
0.100726
0.103593
0.104104
0.104849
0.105502
0.106017
0.108227
0.109009
0.109852
0.110895
0.112595
0.116184
0.117275
0.117945
0.119487
0.121804
0.124484
0.127216
0.129303
0.131783
0.136386
0.141827
0.144534
0.145993
0.153236
0.160574
0.163926
0.169667
0.173017
0.185916
0.188258
0.194813
0.195324
0.198593
0.211139
0.212442
0.215268
0.217797
0.222045
0.225163
0.232727
0.244425
0.245771
0.278165
0.281999
0.289473
0.289968
0.300182
0.378626
0.411376
0.464917
0.488227
0.523016
0.523016
0.534671
0.536763
0.562998
0.584037
0.589874
0.975833
