pos.dist	dist	count.threshold	p.threshold	count
0	0.0	0	0.0	0
1	1.3605915395854555	10590934	0.999001275477238	10601522
2	3.629990444019721	10524281	0.9976288462878325	10549295
3	5.239456925950538	10165581	0.9684050313791976	10497241
4	6.466958136156073	6459474	0.6184017455284047	10445433
5	8.196869949910377	5747488	0.5529661899554191	10393923
6	9.799865356462641	4781786	0.4623362775797092	10342658
7	10.953022274175279	3825246	0.37168370147896307	10291670
8	12.09808489045196	1963363	0.19171749951688896	10240917
9	13.245276557530602	1576780	0.15473150975238917	10190426
10	14.162196306560025	1390986	0.13716989525380482	10140607
11	14.88035523841014	1300582	0.12888169059919619	10091286
12	15.59892455723236	1221266	0.12161242267692197	10042280
13	16.224220746797748	1177549	0.11783169091296798	9993483
14	16.69353762926268	1143118	0.11494530957921488	9944886
15	17.081424202984337	1115281	0.112695330617336	9896426
16	17.437869064987535	1073130	0.10896842654234601	9848082
17	17.708168775755773	1065570	0.1087333524152678	9799845
18	17.904447042657704	1053034	0.10798434903024366	9751728
19	18.05576016762824	1044255	0.10761415031963079	9703696
20	18.18497208801435	1037375	0.10743616176667667	9655734
21	18.269164926720347	1045338	0.10879979650088094	9607904
22	18.32400153610822	1050750	0.10990494882398828	9560534
23	18.374397714200303	1033225	0.10860928502824856	9513229
24	18.421261875279793	1022931	0.10806395282135665	9465978
25	18.462074909040144	1014660	0.1077272133681715	9418790
26	18.50652526373759	1004845	0.10722101403616861	9371717
27	18.56392710348985	992552	0.10644267796390597	9324756
28	18.627047678247077	971020	0.10465917756394884	9277925
29	18.698327107761756	960462	0.10404398857063252	9231307
30	18.78254952214309	924634	0.10066896783589058	9184896
31	18.883264799714414	910640	0.09964543496560764	9138803
32	18.993797801453393	892950	0.09820396555080332	9092810
33	19.114509690431415	860823	0.09515071501508465	9046942
34	19.244860825893912	838342	0.09313740684365109	9001131
35	19.384012504509535	820760	0.0916498946332173	8955384
36	19.52038534838244	804525	0.09029777473689314	8909688
37	19.653229389561115	780517	0.08805349384253806	8864123
38	19.787825280209518	755152	0.08563170379707534	8818603
39	19.915221465871152	735095	0.08378949009798912	8773117
40	20.04171120729432	718377	0.08231012409129704	8727687
41	20.1563442807826	707532	0.08149130990636122	8682300
42	20.268762714439454	697645	0.08077427616397881	8636970
43	20.37985132384002	683530	0.07955681987345725	8591721
44	20.492895686021487	658581	0.07705846280429522	8546511
45	20.597562588808877	641056	0.07540631454484266	8501357
46	20.70268520629569	621357	0.07347904176887905	8456248
47	20.8086587430916	604405	0.07185652591313445	8411275
48	20.912026967973976	592473	0.07081597466047124	8366375
49	21.0114391583469	581081	0.06982880987436411	8321508
50	21.115523577768776	571083	0.06899910978712216	8276672
51	21.223214955095635	555417	0.06747144820589022	8231882
52	21.328116523033323	545890	0.0666763077724331	8187166
53	21.43655185062925	529749	0.0650592288793519	8142565
54	21.552961976541777	527031	0.06508143221111719	8098024
55	21.668854802010312	515607	0.06402228581042782	8053555
56	21.7852001768176	497120	0.06206907056960658	8009142
57	21.905619513037013	488596	0.061344353812420836	7964808
58	22.02966226153601	474638	0.05992462928549578	7920583
59	22.15271635524617	462283	0.058691736818757875	7876458
60	22.277447291480282	452781	0.05780845192989767	7832436
61	22.402528460662403	445567	0.05720825385192468	7788509
62	22.529958422050775	428246	0.0552955560551104	7744673
63	22.655261084866257	418701	0.054370179397789695	7700931
64	22.779152359586377	402591	0.05257621370710555	7657284
65	22.89905758987115	389496	0.05115699395526955	7613739
66	23.015222337069957	379951	0.05018971517097878	7570296
67	23.12882960856609	370698	0.04924927334676591	7526974
68	23.234616558658345	356356	0.04761727870798532	7483754
69	23.33837872165852	350109	0.04705346189533622	7440664
70	23.43866912509907	344221	0.04653119731849581	7397639
71	23.53626075318238	336427	0.04574294365666721	7354730
72	23.629739855137633	330703	0.045227793108862185	7311942
73	23.71983256120602	328110	0.04513642657231547	7269295
74	23.80801762451237	324615	0.04491840131643856	7226771
75	23.89588231292381	317594	0.04420605756917766	7184400
76	23.984856447341603	308411	0.043181464331478445	7142208
77	24.072596135139058	310823	0.043776179436379736	7100277
78	24.163685316523168	309905	0.043905307738798374	7058486
79	24.254914483828454	305947	0.04360196989631765	7016816
80	24.35018437269646	302515	0.043369641122187226	6975271
81	24.447529355174296	299061	0.043130677323587885	6933835
82	24.547958578625312	291659	0.04231545828193079	6892493
83	24.649629667008202	285695	0.041699574195670906	6851269
84	24.753013074774188	279499	0.04104149140761366	6810157
85	24.860183893586857	277452	0.04098772844086139	6769148
86	24.970550016771952	267541	0.03976364248704201	6728282
87	25.07934295095091	263194	0.03935573551146576	6687564
88	25.191315089932736	257754	0.03877754611071386	6646991
89	25.302168335471332	247898	0.03752298471641234	6606564
90	25.414205336513845	246418	0.03752764491938085	6566306
91	25.522988301764094	243612	0.03732806148958903	6526243
92	25.63452604689475	231947	0.03575927583253743	6486345
93	25.74600923718855	228512	0.035446676804245805	6446641
94	25.855993166838328	215777	0.03367759520709559	6407138
95	25.959983551891668	210283	0.033022890969322975	6367795
96	26.06048874370469	205633	0.032492354619257355	6328658
97	26.158458373182896	197786	0.031446034911703204	6289696
98	26.250691775562792	197133	0.03153667816792174	6250912
99	26.338755238195283	198094	0.03188718452099926	6212339
100	26.42113638801866	191114	0.030954192285147723	6174091
101	26.500250299720676	190286	0.03100958874642296	6136360
102	26.573762288658	184859	0.0303108063216557	6098782
103	26.645188788471916	179636	0.029636434158021276	6061323
104	26.713447128823805	175681	0.02916359491718353	6023983
105	26.777344607153164	172561	0.02882332818649935	5986852
106	26.844601871403245	167774	0.028197789575923893	5949899
107	26.913366999469623	164581	0.027833459579240067	5913063
108	26.979566885288637	162207	0.02760289419681852	5876449
109	27.048987536960603	156904	0.02686729810913153	5839962
110	27.125651828570973	152574	0.026289512711663625	5803607
111	27.19942373355377	148158	0.025688952110333597	5767382
112	27.27430003569697	144246	0.025168261253272838	5731266
113	27.353981770002637	138968	0.024400560534435626	5695279
114	27.434246254583446	134163	0.023706160442377878	5659415
115	27.51454817267509	132003	0.023472199056794672	5623802
116	27.589778196666668	131055	0.02345095823168806	5588471
117	27.666480464687556	131146	0.023615612890214212	5553360
118	27.74388617009071	127290	0.023066627379646352	5518362
119	27.815865660657153	128830	0.02349410158176232	5483504
120	27.88765720953461	124610	0.02286940251598298	5448765
121	27.962553644513072	122711	0.022664948446943747	5414131
122	28.03840440142965	123793	0.023011382541812262	5379642
123	28.109825407903788	125845	0.023543385720149412	5345238
124	28.184188217463507	121360	0.02285082923693557	5310967
125	28.258450004467626	123574	0.023418159904260973	5276845
126	28.32953420917719	122395	0.023345127173197783	5242850
127	28.40373150029384	121603	0.023344855091730923	5208985
128	28.478800647175472	117112	0.022629030709143568	5175299
129	28.555096881514125	115240	0.022412554764797508	5141761
130	28.628318343591914	113853	0.02228754858694597	5108368
131	28.7038279982728	112110	0.022089295449794287	5075309
132	28.779092506524588	109012	0.02161918604593512	5042373
133	28.854647056607746	108289	0.021616577187303813	5009535
134	28.92953081052311	104568	0.021010838158999852	4976860
135	29.00772576984829	102045	0.020638900844284654	4944304
136	29.08153759990641	104370	0.021248513550737164	4911873
137	29.1561408659854	104661	0.02144898322216147	4879532
138	29.228416926511876	103744	0.021402249191876537	4847341
139	29.299794963093515	104665	0.02173589347470473	4815307
140	29.371193667024656	103888	0.021718588241590443	4783368
141	29.44166880325489	103291	0.021738133059909875	4751604
142	29.51057214541655	100171	0.021220839643700216	4720407
143	29.57548356759241	97201	0.020727891223193164	4689382
144	29.638036032200784	99104	0.0212739238802071	4658473
145	29.69696481996486	98843	0.021358602735131977	4627784
146	29.753715809920696	97388	0.021184060836634235	4597230
147	29.807591638778455	97819	0.021417581645238284	4567229
148	29.86084537058309	96816	0.02133768714775493	4537324
149	29.914511154725048	99069	0.021978697287033326	4507501
150	29.966701974594276	99535	0.02222851498512553	4477807
151	30.01777511392016	95966	0.021573950117293714	4448235
152	30.070737391572145	96595	0.021859893460317373	4418823
153	30.125448020898517	96398	0.021960733212106356	4389562
154	30.17748110409857	93870	0.021526725749926732	4360626
155	30.232506006805973	93091	0.02149031630293887	4331765
156	30.292190168315905	90211	0.020964714784503433	4302992
157	30.352122697497936	91760	0.02146777739487024	4274313
158	30.4109275355368	90814	0.021389323897730513	4245763
159	30.472145254566655	87053	0.02064182603559472	4217311
160	30.535175494798914	90340	0.02156605768932368	4188990
161	30.59783856408283	85967	0.020661066650067377	4160821
162	30.656091784637248	85410	0.020666341302654587	4132807
163	30.717382809309793	85681	0.020872844011173956	4104903
164	30.781178828392537	84713	0.020777723027627187	4077107
165	30.84468080421256	81497	0.02012507142811282	4049526
166	30.908778258190416	83848	0.020846556979089048	4022151
167	30.97353678974736	85105	0.02130302790607794	3994972
168	31.04197997769917	83234	0.020976802127670835	3967907
169	31.108149051781094	82567	0.0209509227672767	3940972
170	31.175426157879013	80667	0.02060918278370488	3914129
171	31.246258157314124	79197	0.020372915652162506	3887367
172	31.31746506151184	76738	0.01987669085138121	3860703
173	31.387226279874337	76942	0.020067535124446	3834153
174	31.458659965098818	76850	0.020182628495192673	3807730
175	31.530094919753086	80223	0.02121484983954589	3781455
176	31.602517411262518	77859	0.02073313586982427	3755293
177	31.675151517417046	80419	0.021564568881580835	3729219
178	31.74971053801393	78443	0.021182273459064743	3703238
179	31.828040884955197	76679	0.02085144511264088	3677395
180	31.904740666790058	76404	0.020922943791701638	3651685
181	31.98172677429117	73830	0.020360639516573388	3626114
182	32.06109210747588	72211	0.02005492323356094	3600662
183	32.135447018163916	67850	0.018977290462464123	3575326
184	32.208387268156315	65434	0.018431749233113713	3550070
185	32.28064984588813	64716	0.018359669777866038	3524900
186	32.35170080487574	60949	0.017414870743537175	3499825
187	32.41820793319632	60076	0.017288440635950784	3474923
188	32.48871234961347	58511	0.016959056361015648	3450133
189	32.56075555147348	57755	0.016860587999687048	3425444
190	32.63083339588524	54899	0.016142809717501566	3400833
191	32.7061307920684	54177	0.016046206630192943	3376312
192	32.78537787226146	53708	0.01602318451096142	3351893
193	32.86438525721968	53716	0.016142807771483525	3327550
194	32.93847614607412	51684	0.015646205165572656	3303293
195	33.018485392843886	51475	0.015697732573458374	3279136
196	33.103024575692835	48759	0.014979111452588881	3255133
197	33.18985846379172	46389	0.014356265891574587	3231272
198	33.27654157537273	44545	0.013887667800875567	3207522
199	33.365492185602044	43283	0.013594218711672724	3183927
200	33.458088440432505	42398	0.013415271602453845	3160428
201	33.55092973727151	40137	0.012794594119019658	3137028
202	33.643875493600284	40488	0.013003116855588902	3113715
203	33.73765967572772	40248	0.013023287118050881	3090464
204	33.83073390400326	39106	0.012749435736564695	3067273
205	33.92199620483257	39185	0.0128718793863676	3044233
206	34.010162332317336	39757	0.013159035769725977	3021270
207	34.097830548042744	40494	0.013504860469118312	2998476
208	34.177669646366915	38960	0.013092260108528653	2975804
209	34.25696649554374	38369	0.012991828174277202	2953318
210	34.33291602182726	36325	0.012393211965718652	2931040
211	34.40733639995359	36337	0.012491783756727694	2908872
212	34.47950388690529	36035	0.012482463584876249	2886850
213	34.55029294998945	34940	0.012195739170347669	2864935
214	34.62146749761917	37026	0.013022723819492512	2843184
215	34.692724920305984	36818	0.0130481208374074	2821709
216	34.762394894166036	37169	0.013272713573419864	2800407
217	34.82689140418626	38032	0.013684247643432375	2779254
218	34.89046517161957	37303	0.013523620384438719	2758359
219	34.954595290223224	37063	0.013538510767468415	2737598
220	35.014768857550685	38763	0.01426679641723543	2717008
221	35.07044664022676	37790	0.014014255304946339	2696540
222	35.12769999225648	38163	0.014260091696839934	2676210
223	35.184624286516936	39296	0.014795498246762073	2655943
224	35.23950539686308	38589	0.014640309127572032	2635805
225	35.29638119485182	37261	0.01424466135813046	2615787
226	35.35539004296789	36073	0.013896427639995731	2595847
227	35.41066425776469	34588	0.01342704469535073	2575995
228	35.46677980086968	33988	0.013296163954204363	2556226
229	35.52409686776955	33089	0.013044780944346105	2536570
230	35.5804377773005	32387	0.012867287007603884	2517003
231	35.6370115561435	31434	0.012585767920425468	2497583
232	35.69517556676796	32727	0.013205817387114816	2478226
233	35.75523723845042	31919	0.012980669908140176	2458964
234	35.81474183248832	31334	0.01284277175000082	2439816
235	35.87333833431191	30841	0.012739913839005593	2420817
236	35.93312506622473	30595	0.012737652241901733	2401934
237	35.99189349942373	29450	0.012357739133791724	2383122
238	36.04968467902741	29661	0.01254492717335862	2364382
239	36.10665714881733	28409	0.01211091103176146	2345736
240	36.162111142911705	27498	0.01181598212777916	2327187
241	36.21606388512217	27137	0.01175415761581659	2308715
242	36.26672210526568	28230	0.012325632469112786	2290349
243	36.31813330386538	27835	0.012250818958554954	2272093
244	36.3677260319389	27390	0.012151794951880844	2253988
245	36.411686244779084	27019	0.012083804419383462	2235968
246	36.45195538969957	26228	0.011824683779426456	2218072
247	36.49123412487373	26192	0.01190398819054562	2200271
248	36.52926746834124	24950	0.011431419956464389	2182581
249	36.559328429402065	24879	0.01149155050711738	2164982
250	36.586531845662314	24719	0.011510679474212613	2147484
251	36.6131360437073	25154	0.011808508191172584	2130159
252	36.63727204992017	26465	0.012524881755461681	2112994
253	36.65965302475827	25816	0.012316887915174926	2095984
254	36.683912060201585	27192	0.013078735991534798	2079100
255	36.71146113955189	26496	0.012847361456654945	2062369
256	36.73789482924718	27291	0.013340013686577378	2045800
257	36.76307551557289	26534	0.013074607155703818	2029430
258	36.7916498805104	26262	0.013043543043890713	2013410
259	36.82560041330894	26515	0.013272212247276106	1997783
260	36.86181387518168	26004	0.013118101759623548	1982299
261	36.897749810809856	26854	0.013652775955984109	1966926
262	36.94221965139017	27088	0.013879523603593263	1951652
263	36.991699968840955	26490	0.013679487894505276	1936476
264	37.04211180173805	25347	0.013191751135093275	1921428
265	37.092623021361405	25050	0.013139370694954692	1906484
266	37.147210086428665	24604	0.013006785689363871	1891628
267	37.2031773432624	24223	0.012906219846370002	1876847
268	37.25863125037232	23912	0.012841167347605115	1862136
269	37.316116667761705	24247	0.013123959087152247	1847537
270	37.37381061662852	23369	0.012748913131833331	1833019
271	37.43268989350449	23271	0.01279604356956333	1818609
272	37.4911375743199	22629	0.012541761533055626	1804292
273	37.5498419907683	22021	0.012301451192493885	1790114
274	37.60612700280821	22519	0.012678824690573956	1776111
275	37.66627041378813	21993	0.012479742336134225	1762296
276	37.724686644654156	22584	0.012914190169798957	1748774
277	37.785512607511244	22221	0.012803574237510018	1735531
278	37.84289178544813	21395	0.012421758019857395	1722381
279	37.90225074774069	21345	0.01248721004312168	1709349
280	37.96169634620361	20784	0.012251971845930746	1696380
281	38.01933135139892	19692	0.011696955477082176	1683515
282	38.07344091381681	20515	0.012278732923343957	1670775
283	38.12920108722208	19752	0.01191212815307736	1658142
284	38.18530608565984	18903	0.011486981663853106	1645602
285	38.243543393899714	18866	0.011551746202025138	1633173
286	38.30194515389048	18452	0.011384030892108977	1620867
287	38.360347260490045	18732	0.011644307797123485	1608683
288	38.421809621637834	18458	0.01156093259108196	1596584
289	38.48189892692098	17774	0.011216427705977383	1584640
290	38.54278926752658	17025	0.010824582005825246	1572809
291	38.59932961656686	17152	0.010987314494581612	1561073
292	38.65501223470658	18410	0.011881681428951288	1549444
293	38.70780580235914	17335	0.011271864230444113	1537900
294	38.75684698917476	18991	0.012441065276450284	1526477
295	38.80559581523906	19408	0.01280863342018495	1515228
296	38.850605393225145	19536	0.012988731265038333	1504073
297	38.89634624889104	20769	0.01391012567938195	1493085
298	38.939365853288834	20625	0.013914722484774763	1482243
299	38.98724762569999	20143	0.013688911118918805	1471483
300	39.03312993317791	19641	0.01344545523623845	1460791
301	39.08136801165431	19626	0.013533697707422226	1450158
302	39.12819196247765	19052	0.013234296082295482	1439593
303	39.17785843529514	18571	0.012994800960038065	1429110
304	39.22590285913584	18930	0.01334318271208471	1418702
305	39.276021216781274	17557	0.012465989582445797	1408392
306	39.32732720694657	16492	0.011795620772079596	1398146
307	39.38159004923711	16605	0.011963601256520361	1387960
308	39.43863906848133	16029	0.01163350222197062	1377831
309	39.49440989151851	16435	0.012015865182504432	1367775
310	39.55057488080045	17967	0.013232805160256362	1357762
311	39.61381248505212	18340	0.013607158225875859	1347820
312	39.67893220898597	17417	0.01301790007975024	1337927
313	39.73982967731525	18139	0.013657898224224755	1328096
314	39.801470586381946	16345	0.012398016924108511	1318356
315	39.87391526754383	15589	0.01191156603969656	1308728
316	39.94145513948862	15261	0.011746197167704846	1299229
317	40.00793933874703	14149	0.010969875291226193	1289805
318	40.07615029304564	13685	0.010687615486382173	1280454
319	40.14807132177294	12900	0.010147811927218949	1271210
320	40.219245798295866	12903	0.010224012284979189	1262029
321	40.2891962238509	12948	0.01033434165263267	1252910
322	40.35669863824125	12985	0.010439118274365914	1243879
323	40.42770873192124	13155	0.010652598165048465	1234910
324	40.497217176966764	13325	0.010868394952170906	1226032
325	40.56486644589384	13012	0.01068979228350131	1217236
326	40.63364739529166	13503	0.011173078036953986	1208530
327	40.70718087245217	12803	0.010669513425853008	1199961
328	40.77896604518689	12130	0.010179991993641911	1191553
329	40.84587695203662	12881	0.010886164741875098	1183245
330	40.91538373582691	12861	0.01094491713656935	1175066
331	40.98395847210287	13200	0.011311170294810229	1166988
332	41.057926089542214	14210	0.01226078103159675	1158980
333	41.12845792320598	14060	0.012215061535761634	1151038
334	41.19703685571414	12720	0.011126924796159461	1143173
335	41.26457361672886	12901	0.01136235529532788	1135416
336	41.32926308971866	13100	0.011616070256830426	1127748
337	41.393502660141756	12406	0.01107536173920496	1120144
338	41.453288567177744	12652	0.011371194173116814	1112636
339	41.51177928570401	12784	0.011567158101987156	1105198
340	41.56709972765204	11966	0.010899773278157368	1097821
341	41.616548677949964	12451	0.011417279512901866	1090540
342	41.66713053840731	12544	0.011579358390557801	1083307
343	41.71598638905605	12099	0.01124286692642004	1076149
344	41.75840373832355	12251	0.011459760814558788	1069045
345	41.8041856562838	13155	0.012386912339643393	1062008
346	41.84945575497042	12974	0.012297408861830924	1055019
347	41.8998383703517	12979	0.012383620303069047	1048078
348	41.94390930216023	12445	0.011952566224131987	1041199
349	41.99547826235594	11565	0.011180675461680206	1034374
350	42.049566619164416	11798	0.0114809981598095	1027611
351	42.10239108074671	10666	0.010447541898894123	1020910
352	42.15238097849913	10273	0.010128576625891414	1014259
353	42.198897723769576	9952	0.009876445194263882	1007650
354	42.248643515318754	10034	0.010023365209512707	1001061
355	42.30056479243193	9742	0.009795847775220386	994503
356	42.34845714650786	9701	0.009818935231060266	987989
357	42.39886724439654	8907	0.009074534047586543	981538
358	42.44671396176037	8519	0.008736199389214655	975138
359	42.4970817960959	8534	0.008809017527199158	968780
360	42.544655189093646	7925	0.008233800452157724	962496
361	42.58726372339552	7583	0.007929801958869186	956266
362	42.62808523729969	7800	0.008209938657022445	950068
363	42.671285410836745	7726	0.008184764219253371	943949
364	42.71269472376752	8237	0.008782498549933468	937888
365	42.751322679048215	7993	0.008577238607768127	931885
366	42.79155232510125	8372	0.009041769041769041	925925
367	42.83368561859691	8676	0.009430475784677326	919996
368	42.874944260116244	8940	0.009780079487760131	914103
369	42.91795146684638	7952	0.008755356490106184	908244
370	42.95659763194718	8043	0.008912701402894439	902420
371	43.00011748016889	7864	0.008770501493349632	896642
372	43.04519572306014	7046	0.007908758562864304	890911
373	43.0888176693369	6573	0.0074253734715456704	885208
374	43.13336731234326	6678	0.007592130469136364	879595
375	43.173267777534285	5871	0.006716784180834913	874079
376	43.21804294864898	5762	0.006633457168612074	868627
377	43.26721686610245	5396	0.006250955715060216	863228
378	43.311812890450135	4917	0.005731357062262796	857912
379	43.360973610040496	4698	0.005510023128492144	852628
380	43.411933344262685	4744	0.0055983006844465425	847400
381	43.45929899752851	4823	0.005726709048034064	842194
382	43.507420052114	4551	0.005437094099600013	837028
383	43.55748484519875	4692	0.005640161992376405	831891
384	43.607612000252914	4861	0.0058795069971092325	826770
385	43.65529245998556	5258	0.006399209409198894	821664
386	43.7036955621865	4912	0.006015354338904965	816577
387	43.74518329122956	5094	0.006277086416527936	811523
388	43.78513669514631	4924	0.0061051211601218045	806536
389	43.823640101201256	4504	0.005618867618530786	801585
390	43.85825722513751	4647	0.005832759094623243	796707
391	43.89226251118841	4788	0.006046126337269798	791912
392	43.92033894905817	5109	0.006490536698401567	787146
393	43.94730269552424	4628	0.005915080003118581	782407
394	43.97347955413298	4998	0.006426733565731289	777689
395	43.99821938432111	4811	0.006223771157717166	773004
396	44.01898943616535	5370	0.006989047888643773	768345
397	44.042630617881045	5316	0.006960739126791251	763712
398	44.06997758776962	5322	0.007010897057583678	759104
399	44.09854947482137	6930	0.009184695884514047	754516
400	44.12976743847897	7168	0.009557957786575389	749951
401	44.172649135781995	7502	0.010064219432717165	745413
402	44.22124831998512	7533	0.010167322847930161	740903
403	44.27448777849342	6870	0.009328814222164285	736428
404	44.33333972345311	5547	0.00757818978672594	731969
405	44.392757026896824	5615	0.007717788712648102	727540
406	44.45228524334192	5315	0.00734993140985928	723136
407	44.51310567062527	5857	0.008148948928893916	718743
408	44.57386890394672	5512	0.007715889525036046	714370
409	44.637205799638174	5043	0.0071026668450666535	710015
410	44.700426060974756	5433	0.007698957034349847	705680
411	44.76475459074388	4900	0.006986326760483054	701370
412	44.82946424093117	5448	0.00781558210162839	697069
413	44.893797010552454	4952	0.007148002038162132	692781
414	44.95575666209234	4460	0.006477812765067451	688504
415	45.010424149285264	4696	0.006862908435122424	684258
416	45.06112004639565	4363	0.006415987765065734	680020
417	45.110069214859145	4294	0.006353969677329616	675798
418	45.15247098235352	4552	0.006777884323313421	671596
419	45.18398700899953	5087	0.007621864427603525	667422
420	45.220441138236936	5313	0.008010409159577965	663262
421	45.25354948280982	5849	0.0088739127598339	659123
422	45.28451978140116	5608	0.008561583709785518	655019
423	45.312353484256285	5936	0.009119316174188772	650926
424	45.35260387492537	5460	0.008440736291919618	646863
425	45.38917949945281	5289	0.00822766792516229	642831
426	45.42735800376698	4776	0.007476214180387148	638826
427	45.47155670816497	4294	0.006763791818867734	634851
428	45.52174803582649	3578	0.00567129923156907	630896
429	45.567705572822504	3546	0.0056558271288303635	626964
430	45.6113295612105	3173	0.005092623800673452	623058
431	45.656961459102085	3337	0.005389342442081123	619185
432	45.704986339962744	2945	0.004786010872126565	615335
433	45.75411312744578	2653	0.004338405435680237	611515
434	45.800059073158465	3147	0.005178311972316517	607727
435	45.85019350495189	3213	0.005319906351103885	603958
436	45.89787447225148	3280	0.005464872366906199	600197
437	45.95093791694116	3004	0.005036550197840521	596440
438	46.005697021446856	3463	0.0058428126486854935	592694
439	46.06081890984615	3737	0.0063451044047283505	588958
440	46.11261014817041	3959	0.006764792323097007	585236
441	46.17141646104831	3782	0.006503500231285241	581533
442	46.23542387476943	4014	0.0069465475796975295	577841
443	46.29825758013824	3728	0.006492861857745716	574169
444	46.36764705290576	3827	0.006708056679310369	570508
445	46.43583533559764	3588	0.006329683357060825	566853
446	46.51007062497211	3439	0.006106027193926287	563214
447	46.57608791346277	3450	0.006165261165824081	559587
448	46.64517255804604	3280	0.005899556454078788	555974
449	46.70927255541597	3450	0.006245768265704034	552374
450	46.7736238568455	3338	0.006082494515186192	548788
451	46.83869417244485	3151	0.005779403241307968	545212
452	46.89715263529922	3376	0.006232738121612241	541656
453	46.95464745643383	3196	0.005938997060233621	538138
454	47.0145113247895	3401	0.006361242247177561	534644
455	47.069872608596086	3611	0.0067981490057871805	531174
456	47.12249481070227	3472	0.006579184234212895	527725
457	47.17504138348052	3870	0.007381242108555756	524302
458	47.22726406691742	3506	0.006730555107619772	520908
459	47.28143962173267	3057	0.005906915361264779	517529
460	47.33420643618855	3843	0.007474167154506964	514171
461	47.382455472413675	3995	0.007820238267685091	510854
462	47.43546512379835	3856	0.0075968170597402185	507581
463	47.48058966719877	3789	0.007512669823217302	504348
464	47.52472038509742	4204	0.00838877293243885	501146
465	47.564791075893474	3737	0.007503458578378715	498037
466	47.61085246542588	3498	0.007066837983951126	494988
467	47.650962437706625	3606	0.007329745024066606	491968
468	47.69106903555618	3150	0.006442007615884559	488978
469	47.73291422192734	2865	0.0058950132097678205	486004
470	47.774085413754776	2211	0.004577118547577398	483055
471	47.81570621730614	2227	0.00463834644094908	480128
472	47.85513470368112	2445	0.0051232943306400245	477232
473	47.89860014965851	2112	0.004452286540054768	474363
474	47.94113935060383	2440	0.005174951537851377	471502
475	47.97994177695753	2528	0.005394102334314855	468660
476	48.02305401055126	2507	0.00538173387572853	465835
477	48.05909026719945	2637	0.005695242949518162	463018
478	48.09161873005033	2290	0.004975967597542002	460212
479	48.12025568652457	1961	0.004287144687307341	457414
480	48.145946616594244	1958	0.004306798935398016	454630
481	48.16852110031167	1858	0.004111756569847856	451875
482	48.18627466502711	1794	0.003994371365211118	449132
483	48.201966393904335	1839	0.004119540600659933	446409
484	48.21178177748972	1872	0.004219133499965066	443693
485	48.22389999931692	1775	0.004024934183822712	441001
486	48.24066549319412	1698	0.0038738113923819607	438328
487	48.25379060574765	1696	0.003892908296301737	435664
488	48.271397260833425	1666	0.0038475039722129845	433008
489	48.28907571962342	1495	0.0034738520022864687	430358
490	48.316904388195546	1311	0.0030651108092500413	427717
491	48.34190240365357	1581	0.0037192211513353674	425089
492	48.37523840809614	1135	0.002686562218177256	422473
493	48.40920382994954	1711	0.004075051444249676	419872
494	48.458878891687895	1702	0.004078639622713853	417296
495	48.504311479359224	1360	0.0032777086888201214	414924
496	48.55458727019116	1224	0.0029664529075600927	412614
497	48.60200442940072	1597	0.0038920368000974837	410325
498	48.64956323403614	1287	0.00315358472165388	408107
499	48.69832233903091	1470	0.003621528137056363	405906
500	48.75188038496796	1110	0.0027492123878024135	403752
501	48.803204099066846	1233	0.003070180899142192	401605
502	48.860606312883505	1031	0.0025809584843690544	399464
503	48.91618323223305	1198	0.0030150956122556843	397334
504	48.97002399251637	1527	0.0038637197474792203	395215
505	49.015610795740734	1957	0.004978351674628977	393102
506	49.068098894717885	1526	0.0039028632079694116	390995
507	49.11695241619103	1422	0.0036564669580869116	388900
508	49.16231604929413	1481	0.003828664052179443	386819
509	49.202121576609194	1561	0.004057274894019613	384741
510	49.23916248364794	1548	0.0040452926434733074	382667
511	49.272967874529314	1416	0.00372046095880693	380598
512	49.29897557240914	1663	0.004393299359893905	378531
513	49.32093835692398	1505	0.003997566929363922	376479
514	49.344023424855465	1651	0.004409262924000972	374439
515	49.363101322354346	1491	0.004003662639732122	372409
516	49.38304716689997	1337	0.0036097184311629127	370389
517	49.39993970932786	1698	0.004609383271033365	368379
518	49.414427794204066	1772	0.004836495342280304	366381
519	49.42938916372035	1746	0.004791424831435699	364401
520	49.44463008371884	1686	0.004651907116369415	362432
521	49.45919883033784	1659	0.004602363045715697	360467
522	49.47301224931852	1801	0.005023639837659168	358505
523	49.49845635390398	1862	0.005222239673315534	356552
524	49.51838523656676	1846	0.005205762999602377	354607
525	49.54053731836036	1763	0.004998936698093146	352675
526	49.569595926493086	1731	0.00493519526951127	350746
527	49.6012010902018	1617	0.004635522377790774	348828
528	49.63406836438187	1575	0.004539846884656183	346928
529	49.66806153855435	1540	0.004463276508674407	345038
530	49.695777315927636	1258	0.0036659925281360556	343154
531	49.72507853353826	960	0.002812890068740001	341286
532	49.758361687877645	910	0.002680775598461058	339454
533	49.79089618212284	849	0.0025143114370074658	337667
534	49.82183183110266	845	0.0025156895668845937	335892
535	49.86075565625281	1042	0.0031186306757132894	334121
536	49.89350430964618	745	0.0022415385680028643	332361
537	49.92272861094804	914	0.00276456994906416	330612
538	49.957579728782896	591	0.0017970735979177055	328868
539	49.98469998332925	779	0.0023813454143051913	327126
540	50.0151904290581	551	0.0016933525922738868	325390
541	50.03807027179083	572	0.0017672921191748106	323659
542	50.059895679000746	624	0.0019382614043697854	321938
543	50.07298715681303	554	0.0017300713888663349	320218
544	50.084283119576654	619	0.0019434850863422292	318500
545	50.0904249009175	672	0.0021213058657895234	316786
546	50.101698030662696	639	0.002028062803296951	315079
547	50.11334291274381	609	0.0019433709987778144	313373
548	50.11616715665321	631	0.002024538302596286	311676
549	50.115244188177165	696	0.0022452626892827416	309986
550	50.11731579012601	647	0.0020986120616674074	308299
551	50.12428170196418	614	0.0020025243548055694	306613
552	50.12735182470875	571	0.0018724810866293045	304943
553	50.13253355134206	575	0.0018958689839131395	303291
554	50.1368244101171	558	0.0018497278447024191	301666
555	50.143150941843174	599	0.001996340597702375	300049
556	50.153217352128415	589	0.001973629098463652	298435
557	50.1669830809802	488	0.0016440497527187461	296828
558	50.17940655710196	436	0.0014767996802525463	295233
559	50.19205508167429	383	0.0013043270966291828	293638
560	50.206994209702415	424	0.0014518161398126336	292048
561	50.21985467950497	462	0.001590569506510318	290462
562	50.23660254619468	462	0.0015992965864364418	288877
563	50.2552159750216	467	0.0016255181991903737	287293
564	50.27619437003383	406	0.0014210063945287754	285713
565	50.28647527288129	442	0.001555571197297107	284140
566	50.304626272665445	394	0.001394349698657673	282569
567	50.32376067016044	405	0.0014412503647608947	281006
568	50.338291027524505	428	0.0015316127739368173	279444
569	50.351609246976835	423	0.0015222124260035627	277885
570	50.36915954143732	378	0.0013679098482271455	276334
571	50.384635031017154	386	0.0014047346106956348	274785
572	50.40565199262989	390	0.0014273061974367045	273242
573	50.41666809221103	433	0.0015936694884063306	271700
574	50.43029228886021	382	0.0014139821364455747	270159
575	50.44656499953819	376	0.0013997416434307073	268621
576	50.45703903015714	361	0.001351609388630756	267089
577	50.46708144078621	384	0.0014459791236764018	265564
578	50.48217794305417	403	0.0015262723354617827	264042
579	50.498820036547144	585	0.0022281639928698753	262548
580	50.510609828600955	428	0.0016394321742394643	261066
581	50.523222661697595	645	0.002484687391656073	259590
582	50.53393596176978	737	0.0028551726275336266	258128
583	50.546589410001815	792	0.0030851693726822275	256712
584	50.561530013281455	1067	0.004179265827941154	255308
585	50.57990132403726	990	0.0038990961186270456	253905
586	50.6034477256407	962	0.003809765196488046	252509
587	50.619731958301806	666	0.002652150192937953	251117
588	50.637735649215024	477	0.0019100781650435673	249728
589	50.65208543324194	494	0.0019891682941069883	248345
590	50.66692657450106	435	0.0017612548232064556	246983
591	50.66965150317841	422	0.0017180801472174837	245623
592	50.67515144757507	464	0.0018995529500384822	244268
593	50.668318130511786	477	0.0019636660038779316	242913
594	50.66462909109313	438	0.0018131840837210843	241564
595	50.665938157437765	440	0.0018316924421872072	240215
596	50.66232278436647	428	0.0017917770828361989	238869
597	50.660838969025406	386	0.0016250920955688875	237525
598	50.65939981979147	435	0.0018416907991667937	236196
599	50.657042961626196	431	0.0018350498784439119	234871
600	50.655716728229336	454	0.0019439341973992387	233547
601	50.65582769392709	466	0.0020066572792999953	232227
602	50.65891925261301	388	0.001680242855719971	230919
603	50.66391874134384	399	0.0017376610820533144	229619
604	50.6738400466212	388	0.0016992948802172295	228330
605	50.68703494645206	386	0.0017001035037107182	227045
606	50.703258572457315	371	0.0016432652699650086	225770
607	50.73324550435952	405	0.0018039124857468644	224512
608	50.76950688709309	381	0.0017064311403528416	223273
609	50.805173289093595	456	0.0020536932701011985	222039
610	50.85179526389666	506	0.0022915732601479105	220809
611	50.89714207964936	542	0.002468180058744507	219595
612	50.95006762721821	594	0.0027199545758427738	218386
613	51.00268667424501	589	0.0027120111243104862	217182
614	51.05603124785609	723	0.00334745468435308	215985
615	51.10538142312918	949	0.004418145589303339	214796
616	51.16515802238022	910	0.004260120126024653	213609
617	51.22097989571122	761	0.0035824408614805224	212425
618	51.27341173240978	803	0.003801273402920779	211245
619	51.32280026468449	861	0.004098653299630122	210069
620	51.36934344140099	692	0.0033126373284441614	208897
621	51.4108594165336	858	0.0041304410617833106	207726
622	51.43775993819042	664	0.003214546792472926	206561
623	51.468381339100674	573	0.0027896922575085564	205399
624	51.50102006768554	578	0.0028300039169604388	204240
625	51.52598858626733	514	0.002530984868255836	203083
626	51.53635697531041	450	0.0022285170952022503	201928
627	51.55303367185595	463	0.00230606400199228	200775
628	51.57500221781657	480	0.0024044964082834902	199626
629	51.58242702353661	469	0.0023629346741770034	198482
630	51.593307605608	530	0.0026856792488205816	197343
631	51.60102322546192	509	0.002594159319096886	196210
632	51.61787481136756	524	0.0026860912758420947	195079
633	51.62709298238458	566	0.002918247813892097	193952
634	51.63698539000366	541	0.0028055800445988695	192830
635	51.642364731527536	727	0.003792186114443691	191710
636	51.65304990160924	597	0.0031323126646169343	190594
637	51.65819176949277	607	0.0032035043276335234	189480
638	51.664699486730136	674	0.0035781404287397937	188366
639	51.674341710768815	645	0.00344442723714214	187259
640	51.692685162860954	766	0.0041144968872703054	186171
641	51.70929033206853	660	0.0035658135727831175	185091
642	51.72944877155213	618	0.0033584218677825176	184015
643	51.74648284845663	727	0.0039738719287217466	182945
644	51.77087133893	784	0.004310534418297779	181880
645	51.79438631416838	734	0.00405933037640058	180818
646	51.81117682699665	635	0.0035325663677429403	179756
647	51.831394956520306	674	0.0037718110289097564	178694
648	51.85108903754467	626	0.0035240802769724434	177635
649	51.870307109372774	556	0.0031487857919536063	176576
650	51.88782604316662	522	0.0029740708877202776	175517
651	51.90420072679673	537	0.0030780871150241605	174459
652	51.91587457491164	493	0.002842973300271034	173410
653	51.925555167559054	473	0.0027442084438075456	172363
654	51.93275516202117	516	0.003011960284151602	171317
655	51.939643656686854	518	0.0030421734508700735	170273
656	51.955014529897724	474	0.0028009218223719197	169230
657	51.96340652509316	505	0.0030026101898482046	168187
658	51.98249443053913	546	0.003266605243320211	167146
659	52.00583772242529	551	0.0033171589226156793	166106
660	52.041205883299945	528	0.0031987011334791327	165067
661	52.073124682058506	491	0.002993373123045315	164029
662	52.12119352112764	481	0.0029510650829488562	162992
663	52.166942611847375	429	0.0026488839492451607	161955
664	52.21636912876408	351	0.0021812351632508483	160918
665	52.261018045999336	330	0.0020640093068056017	159883
666	52.29472053148996	290	0.0018255756858499	158854
667	52.322399254957055	234	0.001482551509161408	157836
668	52.34376689446749	200	0.0012753637975232435	156818
669	52.36802156690475	244	0.0015661003459541338	155801
670	52.38380794475885	205	0.0013244177407371516	154785
671	52.398269205346665	188	0.001222581337425946	153773
672	52.419606036151094	173	0.0011324212869018785	152770
673	52.439071231360224	134	8.829323897817049E-4	151767
674	52.45906355749918	146	9.683302934836677E-4	150775
675	52.48393152769727	144	9.613266307504356E-4	149793
676	52.50098466367864	142	9.541920613908357E-4	148817
677	52.52614326060478	173	0.0011701048359824145	147850
678	52.54457791312551	178	0.0012118241357243031	146886
679	52.56325359998979	202	0.0013843012020120337	145922
680	52.5795312147965	277	0.0019108324193069955	144963
681	52.610103546224096	313	0.0021735054545959573	144007
682	52.63876887232989	275	0.0019223644383550152	143053
683	52.67293451944355	226	0.0015904180829128577	142101
684	52.71430828080892	302	0.0021395375198367717	141152
685	52.76676275783133	294	0.002096959408857157	140203
686	52.81917717487535	220	0.001579835553481024	139255
687	52.87736195832588	174	0.0012580617173265465	138308
688	52.94608495907171	204	0.0014851160792935508	137363
689	53.01925409449549	237	0.0017372819234716317	136420
690	53.094616575221295	226	0.0016681552122469166	135479
691	53.16824046078104	244	0.0018135061614615077	134546
692	53.250091754053	346	0.0025893552056516795	133624
693	53.3411250824697	288	0.0021702271956595457	132705
694	53.43517774550414	252	0.0019121474478143092	131789
695	53.519279193923865	422	0.003224155187298968	130887
696	53.608374387948594	476	0.0036616792953575138	129995
697	53.689216783847	637	0.004933624548848305	129114
698	53.76676397927304	715	0.005575483468496569	128240
699	53.82551626178732	575	0.004514158757075453	127377
700	53.88448703636489	627	0.004955855734802438	126517
701	53.9417247572607	725	0.005769169557882675	125668
702	53.99548602845218	453	0.0036290807129981976	124825
703	54.04847951570512	921	0.007428437769694232	123983
704	54.10726357161289	765	0.006212289776926012	123143
705	54.178638537407735	792	0.006475455407659352	122308
706	54.25526231029215	344	0.0028317418505103722	121480
707	54.324749057847036	781	0.006473055182588228	120654
708	54.40662043493535	581	0.004848494963740601	119831
709	54.49062700523473	413	0.0034701216643140418	119016
710	54.58472545720719	398	0.0033669463995668653	118208
711	54.67092349366672	325	0.002768219140744779	117404
712	54.75982240550935	397	0.003404685945593633	116604
713	54.84931046545641	209	0.001804757998359311	115805
714	54.94774377555045	118	0.001025997739327015	115010
715	55.04036884257092	319	0.0027928314408033547	114221
716	55.129997380652135	210	0.001851215190542935	113439
717	55.22256109177219	133	0.0011805432274099058	112660
718	55.318341992784305	147	0.0013138960145154227	111881
719	55.41269646151726	194	0.0017460960352819405	111105
720	55.506445294242134	199	0.0018036144796708176	110334
721	55.612100861034136	163	0.0014877149428644445	109564
722	55.72216722473524	143	0.0013143986396433659	108795
723	55.83233009239776	197	0.0018235506474993288	108031
724	55.929674428963466	177	0.0016499342822785873	107277
725	56.03239736029723	154	0.001445425790525891	106543
726	56.136654267972474	178	0.0016822129606003044	105813
727	56.228665343748396	221	0.0021023192100606916	105122
728	56.30880476869259	162	0.001550892241709428	104456
729	56.35905547904488	177	0.001703938311657056	103877
730	56.401499226408326	205	0.0019841461880196285	103319
731	56.44400129887697	183	0.0017808139195422431	102762
732	56.48800482755357	144	0.0014088778874658788	102209
733	56.53406397184345	178	0.0017509861593397406	101657
734	56.583500029622975	205	0.002027434652319682	101113
735	56.63139185959175	181	0.0017997235783675214	100571
736	56.670849825177854	190	0.0018987088779629851	100068
737	56.71138113730859	186	0.0018681075869272643	99566
738	56.75125907441606	233	0.002351943634106211	99067
739	56.786177991796954	187	0.0018970904516495556	98572
740	56.81866899638613	199	0.0020289559543230015	98080
741	56.84943971816118	192	0.0019674146941284967	97590
742	56.87930949569574	144	0.001483007209062822	97100
743	56.90850531385312	192	0.0019873307663644266	96612
744	56.932397147006945	167	0.0017373211963589077	96125
745	56.95573689068626	177	0.001850709438618137	95639
746	56.98087823691051	160	0.001681484751035164	95154
747	57.00041495697968	188	0.00198576166634979	94674
748	57.0176750245881	174	0.0018472121958469573	94196
749	57.03474458182839	202	0.0021553333831265137	93721
750	57.05870637542075	232	0.0024879890185312285	93248
751	57.08305575034883	194	0.002090967881008838	92780
752	57.10404300440774	250	0.002708001603136949	92319
753	57.13954962606381	251	0.0027324188983235357	91860
754	57.180948067606856	282	0.003085305412413431	91401
755	57.2203222740084	347	0.0038155767898573833	90943
756	57.26077024568709	250	0.0027628583427270516	90486
757	57.312811121296434	212	0.0023547444769024	90031
758	57.36652452853438	198	0.0022104135036170405	89576
759	57.42687166438032	61	6.844473368266328E-4	89123
760	57.482581534136074	105	0.0011841392998917359	88672
761	57.5559861151902	79	8.954784008342685E-4	88221
762	57.629128498932424	74	8.43103075047567E-4	87771
763	57.70642384611389	55	6.298599420528853E-4	87321
764	57.78602851010949	75	8.633491038436302E-4	86871
765	57.872207252806525	57	6.595619120352692E-4	86421
766	57.95949654813195	75	8.723872003349967E-4	85971
767	58.04992111369975	92	0.0010757465915203106	85522
768	58.14648542899576	62	7.287601673797545E-4	85076
769	58.24513526455973	81	9.570960995379943E-4	84631
770	58.34699269759624	115	0.001366006628101726	84187
771	58.44895082595216	68	8.120081678468648E-4	83743
772	58.55037033783447	77	9.243697478991597E-4	83300
773	58.65251578847133	72	8.689565280359169E-4	82858
774	58.75617750359431	66	8.008056590266572E-4	82417
775	58.862365551010896	55	6.709280765101981E-4	81976
776	58.972852641851574	43	5.273808793769546E-4	81535
777	59.08014456768301	61	7.522134806520828E-4	81094
778	59.18629600196831	69	8.555168437627863E-4	80653
779	59.29517079777587	75	9.350221911933376E-4	80212
780	59.39717290856459	71	8.900477617179175E-4	79771
781	59.497295082080484	88	0.001109276323253205	79331
782	59.595882089184244	87	0.0011027873901966003	78891
783	59.69467186033385	77	9.81504378529273E-4	78451
784	59.79299505207529	80	0.0010254964043532322	78011
785	59.88083090149192	91	0.0011731188201776438	77571
786	59.9674174671526	72	9.334768121766864E-4	77131
787	60.05309215799508	71	9.257689750042377E-4	76693
788	60.13592211140134	67	8.786078655074289E-4	76257
789	60.21208612377885	50	6.594479102095725E-4	75821
790	60.28677024935746	55	7.29578436314435E-4	75386
791	60.35377675774435	49	6.537255686745381E-4	74955
792	60.41330687409043	67	8.989668589829599E-4	74530
793	60.46904006156018	74	9.985696164952905E-4	74106
794	60.52379662821859	64	8.685621225486869E-4	73685
795	60.56817737431775	60	8.189113937871923E-4	73268
796	60.607581995498215	79	0.0010843753860513637	72853
797	60.65082310732727	72	9.939534498467654E-4	72438
798	60.689105222417965	79	0.0010968566033544374	72024
799	60.72580637664192	69	9.635391210847496E-4	71611
800	60.760670025919495	64	8.989016545408578E-4	71198
801	60.8038131588071	76	0.0010736434656080918	70787
802	60.84693304557366	88	0.0012503907471084713	70378
803	60.88635355861928	114	0.001629246402080862	69971
804	60.924985458767054	69	9.91892358116267E-4	69564
805	60.97110588572967	114	0.0016483754825836116	69159
806	61.01514553384375	147	0.002137995229507243	68756
807	61.051255801006334	181	0.002648018375199333	68353
808	61.09109779096744	201	0.0029580138629306412	67951
809	61.133478828394594	169	0.0025018504811250924	67550
810	61.17240426162495	163	0.002427437489761575	67149
811	61.209121834745936	164	0.002456855225311601	66752
812	61.245116188145644	164	0.0024715545173686986	66355
813	61.28509166462754	247	0.0037447505268424323	65959
814	61.3312901200472	169	0.002577634067476054	65564
815	61.372051422557426	158	0.0024244656201568232	65169
816	61.42241703530729	150	0.002315743971346528	64774
817	61.474213138628784	78	0.0012115752030941766	64379
818	61.526437939223435	114	0.0017816675783386732	63985
819	61.578963044810266	84	0.0013209208705497546	63592
820	61.63646635336728	76	0.0012024555407885577	63204
821	61.68802981683223	102	0.0016237642676345575	62817
822	61.73584433609187	118	0.0018900866556678573	62431
823	61.784436722150595	134	0.0021596531661482424	62047
824	61.829967143286474	146	0.0023677083502262296	61663
825	61.872479030776155	136	0.002219176293975589	61284
826	61.91015311249101	179	0.002938906857996618	60907
827	61.94082877192501	161	0.0026598380968114984	60530
828	61.97196454599286	141	0.0023439837749775574	60154
829	61.99310209803747	146	0.0024422475368428096	59781
830	62.01612068304901	171	0.0028783033159400775	59410
831	62.03347977279115	137	0.002320421402076523	59041
832	62.05022850420953	140	0.0023860653781913625	58674
833	62.06011126061215	132	0.0022638014714709566	58309
834	62.071630751633805	140	0.0024159591357769033	57948
835	62.07792475342283	132	0.0022919054068132098	57594
836	62.08451010335464	151	0.0026378771203465928	57243
837	62.09137440806294	113	0.0019861147728271375	56895
838	62.099985757493556	125	0.002210394157486163	56551
839	62.10536835882343	119	0.0021171363506974094	56208
840	62.11019540393828	97	0.0017360800386591018	55873
841	62.128905296723126	87	0.0015662130049686758	55548
842	62.147939194074254	114	0.002064058228168963	55231
843	62.16979925202801	126	0.0022944132857455023	54916
844	62.19638560466641	95	0.0017397992821038752	54604
845	62.22862474033394	95	0.0017497651630965319	54293
846	62.25630111126633	97	0.0017967954061313327	53985
847	62.29363254497868	86	0.0016021162838353918	53679
848	62.33730156245103	70	0.001311499981264286	53374
849	62.38035847410502	78	0.0014697569248162804	53070
850	62.422590887575886	92	0.0017435139386358899	52767
851	62.46293565482846	85	0.0016201277041837416	52465
852	62.51104005101631	79	0.0015144834461208135	52163
853	62.55771120546467	86	0.001658182939996915	51864
854	62.60482345504167	89	0.0017258765125659323	51568
855	62.65081247352842	96	0.0018723304663273068	51273
856	62.6969035065495	80	0.0015692736224719984	50979
857	62.74529028150474	82	0.0016177718152583502	50687
858	62.795158079559876	57	0.0011310421462020796	50396
859	62.84656516980752	68	0.0013571228994531594	50106
860	62.89841791987875	91	0.001826685669550555	49817
861	62.95670891248562	97	0.0019583695059659607	49531
862	63.01896507046358	99	0.0020103563813585134	49245
863	63.07215079524137	106	0.002165032679738562	48960
864	63.12963089845119	122	0.002506059734604166	48682
865	63.186978775414495	122	0.0025204007850428674	48405
866	63.235750321141545	113	0.002347905585106383	48128
867	63.287072049255904	108	0.0022570061231740194	47851
868	63.33673671281108	95	0.0019968470835522857	47575
869	63.387794140788046	82	0.001733615221987315	47300
870	63.44178548401801	86	0.0018287755709607452	47026
871	63.495158652915045	75	0.0016040035929680483	46758
872	63.55868613591213	69	0.001483966707529518	46497
873	63.619029348930226	66	0.0014274282501027316	46237
874	63.68399621339243	53	0.0011527001457186977	45979
875	63.755203796614616	42	9.186150784103585E-4	45721
876	63.81639759513468	54	0.0011877790730924049	45463
877	63.88091519287232	41	9.069191293576358E-4	45208
878	63.9430968197398	44	9.78800080083643E-4	44953
879	64.00253944180572	60	0.001342341939236655	44698
880	64.05654023838572	51	0.0011475372949620863	44443
881	64.11418038034162	60	0.0013577732518669382	44190
882	64.16424107041338	37	8.421148462571409E-4	43937
883	64.21219487052254	40	9.156251430664286E-4	43686
884	64.25326682417472	59	0.0013583202873192744	43436
885	64.30395582462944	55	0.0012734724119567483	43189
886	64.35279853911948	54	0.001257451564828614	42944
887	64.39970614668721	51	0.0011943793911007026	42700
888	64.44174150142958	48	0.0011305822498586771	42456
889	64.48030112697212	54	0.0012791358726549175	42216
890	64.51732939515067	69	0.0016437964551172099	41976
891	64.54814311445956	63	0.0015093073956062384	41741
892	64.58299540655828	50	0.0012046160888524828	41507
893	64.61639845337804	45	0.0010902747492368076	41274
894	64.65412260416225	40	9.746351209765844E-4	41041
895	64.68693004648533	50	0.001225249950990002	40808
896	64.72363908379774	43	0.001059765865680838	40575
897	64.7611447184496	35	8.675606672780904E-4	40343
898	64.79724191332804	71	0.0017700880057839494	40111
899	64.83774400005893	57	0.001429216187753874	39882
900	64.88997127349325	81	0.002042411558536524	39659
901	64.94061838479952	86	0.002180637963385567	39438
902	64.98472800763976	115	0.00293172895528476	39226
903	65.02933456678562	103	0.0026400779207463986	39014
904	65.07250613809587	101	0.002602489113349996	38809
905	65.106201352217	98	0.0025384655234937576	38606
906	65.14003461274802	105	0.0027341613936411216	38403
907	65.1783167864934	117	0.0030628272251308902	38200
908	65.21261288243326	115	0.0030263157894736843	38000
909	65.24828448663537	104	0.0027512499669320916	37801
910	65.2820839331032	82	0.0021807350672836553	37602
911	65.32472021457232	98	0.0026201106863085848	37403
912	65.36640249100337	95	0.0025534202392151592	37205
913	65.41220407820427	60	0.0016213148863728484	37007
914	65.45843495755713	74	0.0020103778967100437	36809
915	65.50082222562405	57	0.0015568666011143888	36612
916	65.54127027230813	85	0.0023342029383495813	36415
917	65.57951094205913	79	0.002181235849577558	36218
918	65.62607361877565	68	0.0018877876794092334	36021
919	65.66438955531027	45	0.0012561411344350155	35824
920	65.70317996389426	57	0.0015999101804810957	35627
921	65.73925376109395	67	0.0018910527801298334	35430
922	65.77231994734178	71	0.002015156245565237	35233
923	65.79841716352877	102	0.0029112912432926134	35036
924	65.8230612694463	107	0.0030712707023737764	34839
925	65.84804122714507	118	0.003406269845851856	34642
926	65.86657045155246	82	0.0023806067644070255	34445
927	65.87966534329263	116	0.003387059098341509	34248
928	65.89654903770283	83	0.0024372338863602994	34055
929	65.91057261571031	84	0.0024806567834150376	33862
930	65.91815754084513	88	0.0026136026136026136	33670
931	65.92433111732086	131	0.003912900624271931	33479
932	65.93710732865785	137	0.0041155972122086035	33288
933	65.94395880683558	162	0.00489440768603281	33099
934	65.95434688772546	146	0.004436206739388046	32911
935	65.97201133421035	142	0.0043394554289032175	32723
936	65.99559544062751	132	0.004057044504548807	32536
937	66.01509090490795	136	0.004204148505363381	32349
938	66.03527591404271	131	0.004073129780486288	32162
939	66.0618067634154	147	0.004597054132657848	31977
940	66.08728053444395	143	0.004497986914947157	31792
941	66.11787299845982	134	0.004239433054922804	31608
942	66.15289996252417	105	0.003341288782816229	31425
943	66.19840261800796	111	0.0035529095448434797	31242
944	66.23882552468133	100	0.0032196786760681283	31059
945	66.27554866186651	126	0.004080839486980179	30876
946	66.31629252191655	133	0.0043332355911771415	30693
947	66.36844493008218	159	0.005211406096361848	30510
948	66.41076238616964	166	0.005473670326771524	30327
949	66.45679846993927	136	0.004511677282377919	30144
950	66.5145668099856	115	0.003838323153432796	29961
951	66.5730933932287	116	0.0038954933172140505	29778
952	66.6348934220962	114	0.003851611595378066	29598
953	66.69758093134492	113	0.003840924541128484	29420
954	66.76705049130992	112	0.0038293216630196935	29248
955	66.82861996404496	122	0.00419517898284103	29081
956	66.88961782996776	114	0.003941908713692946	28920
957	66.95188107657431	125	0.004345861001981713	28763
958	67.0202135522703	119	0.004159966440606865	28606
959	67.0859622091085	115	0.004041753066460479	28453
960	67.14626401710244	111	0.003921984312062751	28302
961	67.21262804416921	145	0.005150793932719974	28151
962	67.2751126280199	165	0.0058918050348152114	28005
963	67.34793500368521	160	0.00574300071787509	27860
964	67.41564396162617	165	0.005953240005772839	27716
965	67.4927861546637	143	0.005185668697418044	27576
966	67.56582504430925	138	0.005029521102121146	27438
967	67.63838887703194	107	0.0039189832619126105	27303
968	67.70790945266855	115	0.004232921083627797	27168
969	67.77802193612189	94	0.003477102907449878	27034
970	67.84458082335449	94	0.0034944237918215614	26900
971	67.9064152184654	109	0.0040720263000597725	26768
972	67.97504994965787	111	0.004167292386244181	26636
973	68.04488722761408	105	0.003961666163597948	26504
974	68.11756388787767	97	0.00367814348551494	26372
975	68.18626047893677	143	0.005449695121951219	26240
976	68.26264440982392	142	0.005438945916960319	26108
977	68.33041171323951	137	0.005273896138892097	25977
978	68.40501671501058	85	0.0032887100518455468	25846
979	68.47463157163519	106	0.004122107719230022	25715
980	68.55522995551809	90	0.003517823639774859	25584
981	68.62096734249076	104	0.00408596236200055	25453
982	68.6874363560311	126	0.0049759102756496325	25322
983	68.75780818894181	162	0.006430868167202572	25191
984	68.82954494579383	186	0.007422186751795691	25060
985	68.90421587168723	163	0.006538569537486462	24929
986	68.97370209444769	116	0.004677796596499717	24798
987	69.05243547027239	117	0.004743179146227754	24667
988	69.12736943935242	116	0.004727746984023476	24536
989	69.20445418736838	104	0.004261421839786929	24405
990	69.28813652708514	76	0.0031309219741286975	24274
991	69.37858329451358	122	0.0050532245371329165	24143
992	69.45289190352042	139	0.0057887722805264035	24012
993	69.53663220823593	147	0.006155521125581005	23881
994	69.63177242883057	144	0.006063157894736842	23750
995	69.722462912927	128	0.005419365764850332	23619
996	69.81052670767352	121	0.005151566757493188	23488
997	69.9149498988769	140	0.005993920452112857	23357
998	70.02182997899338	118	0.00508029448486675	23227
999	70.11782972927327	128	0.005541845261289345	23097
1000	70.22587682992184	121	0.005268428614969304	22967
1001	70.33797548954614	120	0.005254630643254368	22837
1002	70.4540234078103	114	0.0050202571780870175	22708
1003	70.57036885002242	138	0.006111873865095886	22579
1004	70.69764811511598	146	0.0065033407572383075	22450
1005	70.82511671147441	164	0.007347341068948523	22321
1006	70.94395786909887	159	0.007164744051910598	22192
1007	71.07012909439179	134	0.006073516747495808	22063
1008	71.19411008074422	128	0.005835422840209711	21935
1009	71.31799278179376	133	0.00609895904984638	21807
1010	71.43035920483773	127	0.005858203791687808	21679
1011	71.54504557461983	133	0.006171407359287272	21551
1012	71.64790344170915	118	0.005507841672890217	21424
1013	71.75706127890973	119	0.005587379096628792	21298
1014	71.85935306519062	121	0.005714825485287867	21173
1015	71.95785178692525	103	0.004892879198137856	21051
1016	72.04851420446298	104	0.004968944099378882	20930
1017	72.14092005924368	109	0.005237614722983038	20811
1018	72.22936272744768	121	0.005845975456565852	20698
1019	72.31484933501024	142	0.00689822686422152	20585
1020	72.40652438228238	164	0.008010941774130519	20472
1021	72.506955487157	176	0.008644825384350902	20359
1022	72.60260168528046	155	0.007655833251012546	20246
1023	72.70605407577705	128	0.006357721154323747	20133
1024	72.80877449996615	137	0.006843156843156843	20020
1025	72.91354547694846	100	0.005023106288929074	19908
1026	73.02285386866743	122	0.006162861184077591	19796
1027	73.13452754735798	106	0.0053848107696215395	19685
1028	73.24099472022681	101	0.00515990599775212	19574
1029	73.35214489510523	73	0.0037505137690094534	19464
1030	73.45618266432487	99	0.005114428888774087	19357
1031	73.56076353785919	81	0.004207792207792208	19250
1032	73.66405111110471	66	0.0034477354646607113	19143
1033	73.76370076756659	79	0.004149813521037979	19037
1034	73.86537099710561	68	0.0035919919708414768	18931
1035	73.95679811752545	64	0.003399553808562626	18826
1036	74.05466005124406	55	0.002937877250146894	18721
1037	74.14430528705928	61	0.003276751181779115	18616
1038	74.24375565322006	61	0.003295337907190319	18511
1039	74.33219312290657	51	0.0027703840512792654	18409
1040	74.42555132200647	44	0.0024034522313869013	18307
1041	74.51750235854138	41	0.0022521285361164515	18205
1042	74.61157264567339	61	0.0033686768279213605	18108
1043	74.69900166645894	82	0.004552773305202376	18011
1044	74.7882445042315	71	0.0039633805961817575	17914
1045	74.87640180395779	53	0.002974687096593141	17817
1046	74.96838976821208	61	0.003442437923250564	17720
1047	75.05853252280704	48	0.0027237133291721045	17623
1048	75.15358581246558	36	0.0020540910647038686	17526
1049	75.23887039281217	55	0.003155660106718687	17429
1050	75.32637670889487	56	0.0032310177705977385	17332
1051	75.41537523539206	61	0.003539309544531477	17235
1052	75.51709967683495	50	0.0029174932897654336	17138
1053	75.61412297218946	46	0.00269937210257614	17041
1054	75.71342814093765	57	0.0033640226628895184	16944
1055	75.80351060604856	61	0.0036199632069313396	16851
1056	75.89725347754705	52	0.0031029955841985917	16758
1057	75.98623943070062	57	0.0034203420342034203	16665
1058	76.0797373828698	95	0.00573256094617427	16572
1059	76.16051687533965	80	0.004852307878934918	16487
1060	76.2399874072256	83	0.005060358492866723	16402
1061	76.31707174333471	96	0.0058834344548630265	16317
1062	76.39870236163664	75	0.004620502710694923	16232
1063	76.46998818986972	72	0.004459032637641667	16147
1064	76.54641510543834	81	0.005042958535674262	16062
1065	76.6193605072696	83	0.005194967766163861	15977
1066	76.69175103131944	115	0.007236345330984143	15892
1067	76.76476274706312	112	0.007085468463339027	15807
1068	76.83772050626817	123	0.007823432133316372	15722
1069	76.9201162218154	108	0.00690669565773486	15637
1070	77.00886277351908	105	0.006751543209876543	15552
1071	77.11494088808584	79	0.005107648542057283	15467
1072	77.21837339122611	48	0.0031205304901833313	15382
1073	77.32722166225822	39	0.002549186221321655	15299
1074	77.43980292377611	42	0.0027602523659305996	15216
1075	77.56961380656489	34	0.0022467455230291418	15133
1076	77.68551929045472	34	0.0022591362126245847	15050
1077	77.80310827933806	43	0.002872987238591568	14967
1078	77.92999739381938	37	0.002485890889545821	14884
1079	78.04638721678995	37	0.0024998310924937506	14801
1080	78.16113963825133	40	0.002717760565294198	14718
1081	78.2725827649395	58	0.003963102152374445	14635
1082	78.38573763164018	69	0.004741616272677295	14552
1083	78.4881374368271	73	0.005044571902425541	14471
1084	78.57892879062415	69	0.004794996525364837	14390
1085	78.67474729271548	65	0.004542595569222168	14309
1086	78.76645862146695	76	0.005341579983131853	14228
1087	78.85763145230928	53	0.003746112524738479	14148
1088	78.94236988506438	36	0.0025589991470002845	14068
1089	79.0231532858513	29	0.002073057402244621	13989
1090	79.0999917058765	16	0.0011502516175413372	13910
1091	79.17102718954294	24	0.001735106998264893	13832
1092	79.23933092671591	25	0.0018175209014903672	13755
1093	79.30370762876215	34	0.0024857435297558125	13678
1094	79.37025574574994	21	0.0015438906043228936	13602
1095	79.42331393684294	31	0.002291712870555186	13527
1096	79.48807919921437	17	0.0012636586634951312	13453
1097	79.54981712250645	20	0.0014948800358771208	13379
1098	79.61371149883618	18	0.0013528748590755355	13305
1099	79.67487637999054	16	0.0012092812334668582	13231
1100	79.74638247353998	6	4.560310101086874E-4	13157
1101	79.82532102506555	10	7.643506840938623E-4	13083
1102	79.90813624821406	10	7.686985932815743E-4	13009
1103	79.99719055767513	21	0.001623502126014689	12935
1104	80.09313936427866	44	0.003420929870937646	12862
1105	80.19430513968459	25	0.001954804910469935	12789
1106	80.2752811425532	31	0.002436723785568307	12722
1107	80.37261115719893	24	0.0018964836033188463	12655
1108	80.46692755921889	21	0.0016682554814108675	12588
1109	80.56451178161245	21	0.0016771823336794187	12521
1110	80.66924615237231	14	0.0011241368235105186	12454
1111	80.76394409682297	21	0.0016953257447323807	12387
1112	80.85321296185077	21	0.0017045454545454545	12320
1113	80.9539223538289	21	0.0017138659920019586	12253
1114	81.05208765029867	13	0.0010667979648777285	12186
1115	81.10548404472394	12	9.893643334157804E-4	12129
1116	81.15320940652074	4	3.313452617627568E-4	12072
1117	81.21329240460315	2	1.6645859342488556E-4	12015
1118	81.2749384950874	0	0.0	11958
1119	81.32831159433445	1	8.402655239055541E-5	11901
1120	81.37654800769184	1	8.442380751371887E-5	11845
1121	81.42037409272318	5	4.2412418356094667E-4	11789
1122	81.46739351487048	12	0.0010227563283047815	11733
1123	81.50655463657442	14	0.0011989380834118353	11677
1124	81.5514603533447	16	0.0013768178297908957	11621
1125	81.60448301592693	12	0.0010376134889753567	11565
1126	81.65839368752563	11	9.557737422886437E-4	11509
1127	81.7150058916122	16	0.0013970138828254606	11453
1128	81.78210579564514	15	0.0013161358252171624	11397
1129	81.85803233629562	13	0.0011462833965258795	11341
1130	81.94036360783758	24	0.0021267168808152413	11285
1131	82.02267316313075	12	0.0010686615014694097	11229
1132	82.11288882569794	18	0.001611026581938602	11173
1133	82.21895205784477	15	0.0013491635186184566	11118
1134	82.32136724425342	10	9.039139473922083E-4	11063
1135	82.42236701965632	9	8.17512943954946E-4	11009
1136	82.52888186965038	3	2.738475581926061E-4	10955
1137	82.63078189643538	5	4.5867351619117514E-4	10901
1138	82.73334975544529	6	5.531483359454227E-4	10847
1139	82.83706092537759	7	6.485685166311498E-4	10793
1140	82.93262889452177	8	7.449483192103548E-4	10739
1141	82.98642470587684	10	9.353661958656814E-4	10691
1142	83.03682390691941	7	6.577092924927182E-4	10643
1143	83.09253451880036	8	7.550731477111845E-4	10595
1144	83.13883570765098	7	6.636958376789609E-4	10547
1145	83.19417296620018	4	3.807348181991243E-4	10506
1146	83.23920117937128	4	3.822264691829909E-4	10465
1147	83.28703675929125	4	3.8369304556354914E-4	10425
1148	83.3293560145346	0	0.0	10385
1149	83.35904300897408	0	0.0	10345
1150	83.39300362216596	0	0.0	10305
1151	83.42046399888713	0	0.0	10265
1152	83.4436837815647	5	4.889975550122249E-4	10225
1153	83.46513650371544	11	0.0010800196367206677	10185
1154	83.4962057439831	12	0.0011828486939379004	10145
1155	83.52636295846928	12	0.001187413417771621	10106
1156	83.55606329937083	12	0.0011918951132300357	10068
1157	83.59329481987557	16	0.0015952143569292123	10030
1158	83.62827440958505	20	0.0020016012810248197	9992
1159	83.66095449770516	17	0.001707856138235885	9954
1160	83.69891388583314	4	4.033884630899556E-4	9916
1161	83.74742130459933	4	4.0494027130998176E-4	9878
1162	83.80081877128175	0	0.0	9840
1163	83.84681453831917	0	0.0	9802
1164	83.89493795541316	0	0.0	9764
1165	83.95246318622033	0	0.0	9726
1166	84.01271179476335	0	0.0	9688
1167	84.07123791803744	0	0.0	9650
1168	84.1251365054057	0	0.0	9612
1169	84.18961767297893	0	0.0	9574
1170	84.24899890504813	0	0.0	9536
1171	84.30189743296445	0	0.0	9498
1172	84.35608648011126	0	0.0	9460
1173	84.40290196790154	2	2.1226915729144556E-4	9422
1174	84.44195156472338	4	4.2625745950554135E-4	9384
1175	84.48150019572071	6	6.419858763107211E-4	9346
1176	84.53286950985826	8	8.593833924159416E-4	9309
1177	84.57769201103886	6	6.471095772217428E-4	9272
1178	84.61865909096859	6	6.497022198159177E-4	9235
1179	84.64974065482683	8	8.697542944118286E-4	9198
1180	84.67840923762539	10	0.0010915838882218098	9161
1181	84.69972850992748	10	0.0010960105217010083	9124
1182	84.71422927485358	6	6.602839220864972E-4	9087
1183	84.72237409813204	5	5.524861878453039E-4	9050
1184	84.72410273724877	5	5.547542438699656E-4	9013
1185	84.71975389919866	7	7.798573975044563E-4	8976
1186	84.71575745713604	3	3.356080098445016E-4	8939
1187	84.7087588432531	6	6.740058413839587E-4	8902
1188	84.7074900670219	4	4.512126339537507E-4	8865
1189	84.70696348855556	8	9.062075215224287E-4	8828
1190	84.70900945214537	10	0.0011375270162666364	8791
1191	84.70588519837425	8	9.138679460817912E-4	8754
1192	84.70589587872063	4	4.5887346564184924E-4	8717
1193	84.71899293806011	2	2.304147465437788E-4	8680
1194	84.73089853479975	0	0.0	8643
1195	84.75107818850418	2	2.3239600278875203E-4	8606
1196	84.77746003825358	6	7.00198389543704E-4	8569
1197	84.8169978974396	6	7.032348804500703E-4	8532
1198	84.85646865033526	8	9.417304296645085E-4	8495
1199	84.90442476468633	4	4.729250413809411E-4	8458
1200	84.95387964844625	2	2.3750148438427741E-4	8421
1201	84.99715243914477	2	2.3854961832061068E-4	8384
1202	85.03931919508814	0	0.0	8347
1203	85.08988601063722	2	2.4067388688327315E-4	8310
1204	85.14644942617589	0	0.0	8273
1205	85.19560402958868	0	0.0	8236
1206	85.24083914240659	0	0.0	8199
1207	85.2930945457152	0	0.0	8162
1208	85.33749825823142	2	2.4615384615384614E-4	8125
1209	85.37539168440064	2	2.472799208704253E-4	8088
1210	85.4106354464188	2	2.484163457955533E-4	8051
1211	85.44052511429643	2	2.495632642874969E-4	8014
1212	85.46327267850391	2	2.5072082236429733E-4	7977
1213	85.47821131464612	0	0.0	7940
1214	85.5847275858724	0	0.0	7907
1215	85.6853544294551	0	0.0	7874
1216	85.78710528024004	0	0.0	7843
1217	85.88741810177036	0	0.0	7812
1218	85.98480997300574	0	0.0	7781
1219	86.0827867605002	0	0.0	7750
1220	86.1799405441142	2	2.591009198082653E-4	7719
1221	86.28255921651713	2	2.6014568158168577E-4	7688
1222	86.39775076553734	4	5.223978059292151E-4	7657
1223	86.51657415317028	2	2.6226068712300026E-4	7626
1224	86.63803148148389	2	2.6333113890717575E-4	7595
1225	86.77036519061403	2	2.6441036488630354E-4	7564
1226	86.90740301978586	2	2.6542800265428E-4	7535
1227	87.05193493716992	2	2.664535038635758E-4	7506
1228	87.20093757994077	0	0.0	7477
1229	87.35714227331438	0	0.0	7448
1230	87.50963525329814	0	0.0	7419
1231	87.67008513389074	0	0.0	7390
1232	87.84219589539724	0	0.0	7361
1233	88.01412931707534	2	2.7277686852154935E-4	7332
1234	88.18440428577571	2	2.7386005751061206E-4	7303
1235	88.35728884313053	0	0.0	7274
1236	88.53143571767868	0	0.0	7245
1237	88.69630852300541	0	0.0	7216
1238	88.85328405797506	2	2.782802281897871E-4	7187
1239	89.01490712271766	2	2.794076557697681E-4	7158
1240	89.1649712385676	0	0.0	7129
1241	89.30434840389731	0	0.0	7100
1242	89.4346883124792	0	0.0	7071
1243	89.55721956320117	0	0.0	7042
1244	89.67463605827348	0	0.0	7013
1245	89.7889993729457	0	0.0	6984
1246	89.89764650749167	0	0.0	6955
1247	90.00121515475762	0	0.0	6926
1248	90.12087129477241	0	0.0	6897
1249	90.2439654989526	0	0.0	6868
1250	90.36224981703218	0	0.0	6839
1251	90.4892377504448	0	0.0	6810
1252	90.62216764969195	0	0.0	6781
1253	90.75765024505512	0	0.0	6752
1254	90.89758852808234	1	1.4874312063067083E-4	6723
1255	91.04828052551305	1	1.4938751120406333E-4	6694
1256	91.20906259606471	0	0.0	6665
1257	91.36429271403837	0	0.0	6636
1258	91.52276562600038	0	0.0	6607
1259	91.6992458749046	1	1.5202189115232594E-4	6578
1260	91.8724277181364	0	0.0	6549
1261	92.04161009671894	0	0.0	6520
1262	92.21300542608915	1	1.5405946695424435E-4	6491
1263	92.39539041727402	2	3.0950170225936243E-4	6462
1264	92.56819297287531	2	3.10896937665164E-4	6433
1265	92.74358620397213	4	6.24512099921936E-4	6405
1266	92.91638084854846	3	4.704406460718206E-4	6377
1267	93.08038044974215	2	3.1501023783272954E-4	6349
1268	93.23567867318854	2	3.1640563202024995E-4	6321
1269	93.39045689920471	1	1.589067217543302E-4	6293
1270	93.53932504634633	0	0.0	6268
1271	93.698181922886	0	0.0	6243
1272	93.84937974388774	0	0.0	6218
1273	93.98884401161416	0	0.0	6193
1274	94.14020623358077	0	0.0	6168
1275	94.2853325624503	0	0.0	6143
1276	94.41600185859086	0	0.0	6118
1277	94.54278577840994	0	0.0	6093
1278	94.69144697068249	0	0.0	6068
1279	94.8308321679217	0	0.0	6043
1280	94.9601653702041	0	0.0	6018
1281	95.09877235929625	0	0.0	5993
1282	95.25202436821738	0	0.0	5968
1283	95.40169104122914	0	0.0	5943
1284	95.533848782876	1	1.6891891891891893E-4	5920
1285	95.67939355536215	2	3.391555027980329E-4	5897
1286	95.83121978172683	0	0.0	5874
1287	95.98402740098042	0	0.0	5851
1288	96.14593030861388	0	0.0	5828
1289	96.31391157724407	0	0.0	5805
1290	96.47192434049977	0	0.0	5783
1291	96.63000828888651	0	0.0	5761
1292	96.79987122161688	0	0.0	5739
1293	96.96947959935683	0	0.0	5717
1294	97.14511319228039	0	0.0	5695
1295	97.32723950652742	1	1.7627357659086903E-4	5673
1296	97.51008568554145	1	1.7695983011856308E-4	5651
1297	97.69294626629984	0	0.0	5629
1298	97.87949492591657	0	0.0	5607
1299	98.07342151244637	0	0.0	5585
1300	98.27291539220064	0	0.0	5563
1301	98.46745886492515	0	0.0	5541
1302	98.65876245688702	0	0.0	5519
1303	98.84894972590605	0	0.0	5497
1304	99.04162098198583	0	0.0	5475
1305	99.22786789038062	0	0.0	5453
1306	99.40843093732543	0	0.0	5431
1307	99.58854687661103	0	0.0	5409
1308	99.73683556221415	0	0.0	5391
1309	99.87977769649724	0	0.0	5373
1310	100.01890625668793	0	0.0	5355
1311	100.16368093443072	0	0.0	5337
1312	100.30997299712293	0	0.0	5319
1313	100.4464985986985	0	0.0	5301
1314	100.59288351280881	0	0.0	5283
1315	100.74315181841718	0	0.0	5265
1316	100.89496661150388	0	0.0	5247
1317	101.0501421067181	0	0.0	5229
1318	101.20664519628245	0	0.0	5211
1319	101.36065550539921	0	0.0	5193
1320	101.5142546739957	0	0.0	5175
1321	101.67715449336168	0	0.0	5157
1322	101.84056121013025	0	0.0	5139
1323	102.00719815316573	0	0.0	5121
1324	102.1803840693721	0	0.0	5103
1325	102.34933642886277	0	0.0	5085
1326	102.50795318824	0	0.0	5067
1327	102.67475132730331	0	0.0	5049
1328	102.83176920281635	0	0.0	5031
1329	102.97255841853783	0	0.0	5013
1330	103.11476474852849	0	0.0	4995
1331	103.25233627221769	0	0.0	4977
1332	103.37819118011507	0	0.0	4959
1333	103.5041015194141	0	0.0	4941
1334	103.63989307867321	0	0.0	4923
1335	103.76625177568795	0	0.0	4905
1336	103.88987468253548	0	0.0	4887
1337	104.0161672055216	0	0.0	4869
1338	104.13586118401356	0	0.0	4851
1339	104.25153769609736	0	0.0	4833
1340	104.37177334970488	0	0.0	4815
1341	104.49863726545077	0	0.0	4797
1342	104.62011980169632	0	0.0	4779
1343	104.75191024036276	0	0.0	4761
1344	104.8905559924921	0	0.0	4743
1345	105.02988123300001	0	0.0	4725
1346	105.18165443569531	0	0.0	4707
1347	105.33656528886773	1	2.1326508850501172E-4	4689
1348	105.49941742008376	2	4.2817383857846286E-4	4671
1349	105.66621248141841	2	4.298302170642596E-4	4653
1350	105.84366086759805	1	2.157497303128371E-4	4635
1351	106.02466784625526	0	0.0	4617
1352	106.2092985752698	0	0.0	4599
1353	106.3961841814229	0	0.0	4581
1354	106.59171591826521	0	0.0	4563
1355	106.78834975436173	0	0.0	4545
1356	106.99411034353281	0	0.0	4527
1357	107.19594437127789	0	0.0	4509
1358	107.38799585417964	0	0.0	4491
1359	107.57957543036969	0	0.0	4473
1360	107.77699362735686	0	0.0	4455
1361	107.96259788330299	0	0.0	4437
1362	108.13199368823798	0	0.0	4419
1363	108.30857289539819	0	0.0	4401
1364	108.48388666131576	0	0.0	4383
1365	108.65353380794063	0	0.0	4365
1366	108.8188150092377	0	0.0	4347
1367	108.98259671611568	0	0.0	4329
1368	109.14618482799706	0	0.0	4311
1369	109.30169640475957	0	0.0	4293
1370	109.44555757230769	0	0.0	4275
1371	109.58545979021011	0	0.0	4257
1372	109.72060364581972	0	0.0	4239
1373	109.87045389140927	0	0.0	4221
1374	110.01651576791336	0	0.0	4203
1375	110.17303438238555	0	0.0	4185
1376	110.32683020533082	0	0.0	4167
1377	110.49932290398392	0	0.0	4149
1378	110.67724072002385	0	0.0	4131
1379	110.86806391822981	0	0.0	4113
1380	111.06868168879492	1	2.442002442002442E-4	4095
1381	111.28916560240418	2	4.905567819475104E-4	4077
1382	111.52859064181771	2	4.927322000492732E-4	4059
1383	111.77471638457885	3	7.423904974016332E-4	4041
1384	112.02725574343813	2	4.971414367387521E-4	4023
1385	112.29367129211188	3	7.49063670411985E-4	4005
1386	112.56639250453817	2	5.016302984700275E-4	3987
1387	112.83061237704555	1	2.519526329050139E-4	3969
1388	113.09726466951017	1	2.531004808909137E-4	3951
1389	113.3807922316632	0	0.0	3933
1390	113.65223747247104	0	0.0	3915
1391	113.921164644085	0	0.0	3897
1392	114.19077387738965	0	0.0	3879
1393	114.45390857237484	0	0.0	3861
1394	114.71403569164876	0	0.0	3843
1395	114.96421710995766	0	0.0	3825
1396	115.21002499825566	0	0.0	3807
1397	115.45633043485363	0	0.0	3789
1398	115.69184457894671	0	0.0	3771
1399	115.91874355433907	0	0.0	3753
1400	116.13738009128164	0	0.0	3735
1401	116.34040964684111	0	0.0	3717
1402	116.54405436140522	0	0.0	3699
1403	116.73486164916189	0	0.0	3682
1404	116.92362898144397	0	0.0	3665
1405	117.1080803994225	0	0.0	3648
1406	117.30279486560886	0	0.0	3631
1407	117.4971974609078	0	0.0	3614
1408	117.70206267955948	0	0.0	3597
1409	117.9085207984653	0	0.0	3580
1410	118.12981716231413	0	0.0	3563
1411	118.35588165267552	0	0.0	3546
1412	118.58113305971389	0	0.0	3529
1413	118.82273362313745	0	0.0	3512
1414	119.07945190617676	0	0.0	3495
1415	119.32262686452074	0	0.0	3478
1416	119.57671315084855	0	0.0	3461
1417	119.85349045624483	0	0.0	3444
1418	120.13192910726426	0	0.0	3427
1419	120.40321996996937	0	0.0	3410
1420	120.69338549630568	0	0.0	3393
1421	120.99623996834399	0	0.0	3376
1422	121.2903505285856	0	0.0	3359
1423	121.57295505400218	0	0.0	3342
1424	121.86286596670529	0	0.0	3325
1425	122.150116686532	0	0.0	3308
1426	122.41124481830187	0	0.0	3291
1427	122.65701907146565	0	0.0	3274
1428	122.89155328368962	0	0.0	3257
1429	123.11276377584701	0	0.0	3240
1430	123.31333426596119	0	0.0	3223
1431	123.50238431781521	0	0.0	3206
1432	123.68019607604872	0	0.0	3189
1433	123.8476007286779	0	0.0	3172
1434	124.01717802110728	0	0.0	3155
1435	124.18255988607162	0	0.0	3138
1436	124.34759934696284	0	0.0	3121
1437	124.52003766711212	0	0.0	3104
1438	124.6975410751502	0	0.0	3087
1439	124.89942366748427	0	0.0	3070
1440	125.11115469183098	0	0.0	3053
1441	125.34321253102226	0	0.0	3036
1442	125.59134850565131	0	0.0	3019
1443	125.86545199124845	0	0.0	3002
1444	126.15272228785875	0	0.0	2985
1445	126.45265716331583	0	0.0	2968
1446	126.75754641581618	0	0.0	2951
1447	127.05934770399539	0	0.0	2934
1448	127.38626117960654	0	0.0	2917
1449	127.71677556939511	0	0.0	2900
1450	128.06529979244496	0	0.0	2883
1451	128.42303245293687	0	0.0	2866
1452	128.80226931377535	0	0.0	2849
1453	129.18404679949145	0	0.0	2832
1454	129.5710397434641	0	0.0	2815
1455	129.97279458040157	0	0.0	2798
1456	130.35635498608804	0	0.0	2781
1457	130.74276255895975	0	0.0	2764
1458	131.13386938434505	0	0.0	2747
1459	131.53001794792368	0	0.0	2730
1460	131.9077937163987	0	0.0	2715
1461	132.2618585111081	0	0.0	2700
1462	132.61116079971225	0	0.0	2685
1463	132.94133902662432	0	0.0	2670
1464	133.26738285605606	0	0.0	2655
1465	133.57762473898057	0	0.0	2640
1466	133.87991868191847	0	0.0	2625
1467	134.1873071808879	0	0.0	2610
1468	134.49076737176978	0	0.0	2595
1469	134.80135469153464	0	0.0	2580
1470	135.11535841169277	0	0.0	2565
1471	135.43797442620448	0	0.0	2550
1472	135.7795203825499	0	0.0	2535
1473	136.112729491076	0	0.0	2520
1474	136.45038491286442	0	0.0	2505
1475	136.79189469474525	0	0.0	2490
1476	137.1264153116695	0	0.0	2475
1477	137.47781360115363	0	0.0	2460
1478	137.8221628669892	0	0.0	2445
1479	138.1577311834474	0	0.0	2431
1480	138.5061339219461	0	0.0	2417
1481	138.86575088750382	0	0.0	2403
1482	139.21713113838237	0	0.0	2390
1483	139.56118227344496	0	0.0	2377
1484	139.90425272851667	0	0.0	2364
1485	140.23552790168958	0	0.0	2351
1486	140.54947612662136	0	0.0	2338
1487	140.85775769214115	0	0.0	2325
1488	141.1705086898592	0	0.0	2312
1489	141.47005974466927	0	0.0	2299
1490	141.76608383157898	0	0.0	2286
1491	142.07595867537069	0	0.0	2273
1492	142.3891614481127	0	0.0	2260
1493	142.68672593828214	0	0.0	2247
1494	142.9956852180908	0	0.0	2234
1495	143.29814806360784	0	0.0	2221
1496	143.5928882390786	0	0.0	2208
1497	143.8754622828242	0	0.0	2195
1498	144.17435251906196	0	0.0	2182
1499	144.48254112603308	0	0.0	2169
1500	144.80309389224456	0	0.0	2156
1501	145.13905776857598	0	0.0	2143
1502	145.49333489316112	0	0.0	2130
1503	145.8505855734451	0	0.0	2117
1504	146.22848579478952	0	0.0	2104
1505	146.6391502708939	0	0.0	2091
1506	147.05817917454118	0	0.0	2078
1507	147.49347317755814	0	0.0	2065
1508	147.93281233754757	0	0.0	2052
1509	148.3903161587272	0	0.0	2039
1510	148.83014393025994	0	0.0	2026
1511	149.2764591859458	0	0.0	2013
1512	149.728573516131	0	0.0	2000
1513	150.1766347792219	0	0.0	1987
1514	150.63288143896128	0	0.0	1974
1515	151.10278858367747	0	0.0	1961
1516	151.58659731041064	0	0.0	1948
1517	152.04833637937773	0	0.0	1935
1518	152.52647110341846	0	0.0	1922
1519	153.0100592191074	0	0.0	1909
1520	153.48709647670637	0	0.0	1896
1521	153.9644989410732	0	0.0	1883
1522	154.45165496586077	0	0.0	1870
1523	154.94111257685717	0	0.0	1857
1524	155.42104764343625	0	0.0	1844
1525	155.88867374541732	0	0.0	1831
1526	156.34504119618296	0	0.0	1818
1527	156.78643454096027	0	0.0	1805
1528	157.20577379329168	0	0.0	1792
1529	157.58886049545492	0	0.0	1780
1530	157.95082474134992	0	0.0	1768
1531	158.29285293949803	0	0.0	1756
1532	158.61950859435586	0	0.0	1744
1533	158.94854370879492	0	0.0	1732
1534	159.26350894460856	0	0.0	1720
1535	159.58353403770937	0	0.0	1708
1536	159.9114795216261	0	0.0	1696
1537	160.24347495895927	0	0.0	1684
1538	160.6060569306462	0	0.0	1672
1539	160.99790561782865	0	0.0	1660
1540	161.43160912300542	0	0.0	1648
1541	161.856243625217	0	0.0	1636
1542	162.3156145034547	0	0.0	1624
1543	162.79910001727592	0	0.0	1612
1544	163.2975483500315	0	0.0	1600
1545	163.8120673571289	0	0.0	1588
1546	164.3293840577695	0	0.0	1576
1547	164.88521993392527	0	0.0	1564
1548	165.46344332583644	0	0.0	1552
1549	166.04254534294847	0	0.0	1540
1550	166.6323982149869	0	0.0	1528
1551	167.23770599538005	0	0.0	1516
1552	167.84022939025485	0	0.0	1504
1553	168.41002970875988	0	0.0	1493
1554	168.96584943130523	0	0.0	1482
1555	169.5205925032996	0	0.0	1471
1556	170.0706462396363	0	0.0	1460
1557	170.63855002747582	0	0.0	1449
1558	171.21458993501807	0	0.0	1438
1559	171.80103534022984	0	0.0	1427
1560	172.3995675751335	0	0.0	1416
1561	173.0107398145743	0	0.0	1405
1562	173.6225217542836	0	0.0	1394
1563	174.24232508879305	0	0.0	1383
1564	174.8595305064975	0	0.0	1372
1565	175.4639403393264	0	0.0	1361
1566	176.07210185309097	0	0.0	1350
1567	176.67002935357647	0	0.0	1339
1568	177.25849966629258	0	0.0	1328
1569	177.8622250771108	0	0.0	1317
1570	178.4824638460232	0	0.0	1306
1571	179.1045335152417	0	0.0	1295
1572	179.71777215951064	0	0.0	1284
1573	180.36315296054545	0	0.0	1273
1574	181.02517717821254	0	0.0	1262
1575	181.6793005497292	0	0.0	1251
1576	182.34591664830972	0	0.0	1240
1577	183.03553567585874	0	0.0	1229
1578	183.73875376636656	0	0.0	1218
1579	184.43929014692984	0	0.0	1207
1580	185.1560895180534	0	0.0	1196
1581	185.87427336788608	0	0.0	1185
1582	186.56661975015516	0	0.0	1174
1583	187.25713717436517	0	0.0	1163
1584	187.96107332480202	0	0.0	1152
1585	188.67108435762202	0	0.0	1141
1586	189.41083500350751	0	0.0	1130
1587	190.19261887112603	0	0.0	1119
1588	191.02849070555246	0	0.0	1108
1589	191.90222165072143	0	0.0	1097
1590	192.80082312261683	0	0.0	1086
1591	193.74679182273516	0	0.0	1075
1592	194.71915353567627	0	0.0	1064
1593	195.66873210725532	0	0.0	1053
1594	196.63702329435216	0	0.0	1042
1595	197.60177759115984	0	0.0	1031
1596	198.58094633550465	0	0.0	1020
1597	199.57921181368624	0	0.0	1009
1598	200.58941561820535	0	0.0	998
1599	201.6012132326873	0	0.0	987
1600	202.63796601144605	0	0.0	976
1601	203.67041191997657	0	0.0	965
1602	204.70140239325724	0	0.0	954
1603	205.7560424112766	0	0.0	943
1604	206.84677326268041	0	0.0	932
1605	207.97373613390002	0	0.0	921
1606	209.12700315552087	0	0.0	910
1607	210.33772520244187	0	0.0	899
1608	211.57652332703773	0	0.0	888
1609	212.84867161959386	0	0.0	877
1610	214.1667876237226	0	0.0	866
1611	215.5288456418053	0	0.0	855
1612	216.9169130024853	0	0.0	844
1613	218.31739169917105	0	0.0	833
1614	219.74549499606997	0	0.0	822
1615	221.1722859714653	0	0.0	811
1616	222.59968660527358	0	0.0	800
1617	224.0290562119111	0	0.0	789
1618	225.465538388508	0	0.0	778
1619	226.89652096318972	0	0.0	767
1620	228.32408313521861	0	0.0	756
1621	229.7826720097352	0	0.0	745
1622	231.2624496469666	0	0.0	734
1623	232.56536336221635	0	0.0	724
1624	233.88390165120325	0	0.0	714
1625	235.2575080133007	0	0.0	704
1626	236.44567372017204	0	0.0	695
1627	237.4062276665167	0	0.0	688
1628	238.08809165303444	0	0.0	683
1629	238.78005748393915	0	0.0	678
1630	239.51868361446623	0	0.0	673
1631	240.25438135525675	0	0.0	668
1632	241.0021222793613	0	0.0	663
1633	241.78372037030357	0	0.0	658
1634	242.5813826738936	0	0.0	653
1635	243.38047409984992	0	0.0	648
1636	244.21230876983662	0	0.0	643
1637	245.06191544582316	0	0.0	638
1638	245.91770436535046	0	0.0	633
1639	246.77457718067052	0	0.0	628
1640	247.65604682440895	0	0.0	623
1641	248.59003002037818	0	0.0	618
1642	249.50977837805215	0	0.0	613
1643	250.4427160509021	0	0.0	608
1644	251.43333814386833	0	0.0	603
1645	252.46893019558203	0	0.0	598
1646	253.53379082930806	0	0.0	593
1647	254.64267400292772	0	0.0	588
1648	255.78700700617878	0	0.0	583
1649	256.95599917494354	0	0.0	578
1650	258.18370619245877	0	0.0	573
1651	259.4512124315018	0	0.0	568
1652	260.77073321987666	0	0.0	563
1653	262.14320199002935	0	0.0	558
1654	263.5275241518114	0	0.0	553
1655	264.9694397867782	0	0.0	548
1656	266.47023461333487	0	0.0	543
1657	267.98435346296156	0	0.0	538
1658	269.47910314870444	0	0.0	533
1659	270.95671673448965	0	0.0	528
1660	272.42659414827995	0	0.0	523
1661	273.91838902267835	0	0.0	518
1662	275.43113292782124	0	0.0	513
1663	276.940698943221	0	0.0	508
1664	278.4504548069536	0	0.0	503
1665	279.9102863119964	0	0.0	498
1666	281.35925571774794	0	0.0	493
1667	282.7872342342198	0	0.0	488
1668	284.23980255211654	0	0.0	483
1669	285.67281719423147	0	0.0	478
1670	287.08770349418637	0	0.0	473
1671	288.5668794591813	0	0.0	468
1672	290.01932483902067	0	0.0	463
1673	291.5043357128997	0	0.0	458
1674	292.98967071740327	0	0.0	453
1675	294.4588430359062	0	0.0	448
1676	295.957727656038	0	0.0	443
1677	297.47965506872276	0	0.0	438
1678	299.05528760586213	0	0.0	433
1679	300.6685050281806	0	0.0	428
1680	302.29434600901686	0	0.0	423
1681	303.95359880306324	0	0.0	418
1682	305.6432131315814	0	0.0	413
1683	307.3635605227518	0	0.0	408
1684	309.11071811373785	0	0.0	403
1685	310.8704129172651	0	0.0	398
1686	312.6173498163304	0	0.0	393
1687	314.44796126245865	0	0.0	388
1688	316.30682100746174	0	0.0	383
1689	318.2333920655497	0	0.0	378
1690	320.23704383271945	0	0.0	373
1691	322.2717814865617	0	0.0	368
1692	324.346546787202	0	0.0	363
1693	326.46479112891535	0	0.0	358
1694	328.61080033064843	0	0.0	353
1695	330.84561084503764	0	0.0	348
1696	333.0554570954129	0	0.0	343
1697	335.33293886128354	0	0.0	338
1698	337.65653780462645	0	0.0	333
1699	340.06322966929747	0	0.0	328
1700	342.5996558214854	0	0.0	323
1701	345.28150779727883	0	0.0	318
1702	348.12548970232484	0	0.0	313
1703	351.1122021659445	0	0.0	308
1704	354.28043885970135	0	0.0	303
1705	357.6177952453412	0	0.0	298
1706	361.15938600548213	0	0.0	293
1707	364.85556641303924	0	0.0	288
1708	368.69343146065796	0	0.0	283
1709	372.70170702680474	0	0.0	278
1710	376.9029910354556	0	0.0	273
1711	381.28049832876775	0	0.0	268
1712	385.7578411484018	0	0.0	263
1713	390.3252053648879	0	0.0	258
1714	395.082730504029	0	0.0	253
1715	400.0910511693038	0	0.0	248
1716	405.16563354777435	0	0.0	243
1717	410.45227741458217	0	0.0	238
1718	415.9171544710499	0	0.0	233
1719	421.55227069771956	0	0.0	228
1720	427.5166323264401	0	0.0	223
1721	433.5860320820897	0	0.0	218
1722	439.9350300700106	0	0.0	213
1723	445.00312200258173	0	0.0	209
1724	446.9276569708773	0	0.0	207
1725	447.19993416318533	0	0.0	206
1726	447.4748672647352	0	0.0	205
1727	447.7475589452593	0	0.0	204
1728	448.0210295421449	0	0.0	203
1729	448.2791546872905	0	0.0	202
1730	448.50871364587357	0	0.0	201
1731	448.72124743186527	0	0.0	200
1732	448.9362019790278	0	0.0	199
1733	449.13306419207254	0	0.0	198
1734	449.3019322964848	0	0.0	197
1735	449.4501794963878	0	0.0	196
1736	449.5856271361942	0	0.0	195
1737	449.698443633181	0	0.0	194
1738	449.7802180436607	0	0.0	193
1739	449.8569097841211	0	0.0	192
1740	449.89953406910394	0	0.0	191
1741	449.93274875002555	0	0.0	190
1742	449.997258668546	0	0.0	189
1743	450.0706002036164	0	0.0	188
1744	450.1768863911544	0	0.0	187
1745	450.3022878058951	0	0.0	186
1746	450.4266876072301	0	0.0	185
1747	450.56500810220155	0	0.0	184
1748	450.7122511074698	0	0.0	183
1749	450.8666963380473	0	0.0	182
1750	451.0384103439151	0	0.0	181
1751	451.24506949791214	0	0.0	180
1752	451.47880234524916	0	0.0	179
1753	451.7345076613743	0	0.0	178
1754	451.99434876936516	0	0.0	177
1755	452.245368200795	0	0.0	176
1756	452.4756931808772	0	0.0	175
1757	452.68405192462643	0	0.0	174
1758	452.8660567086993	0	0.0	173
1759	453.0238108131718	0	0.0	172
1760	453.15271201274965	0	0.0	171
1761	453.24976444634666	0	0.0	170
1762	453.31706375656375	0	0.0	169
1763	453.37197794280956	0	0.0	168
1764	453.4237836476566	0	0.0	167
1765	453.4451168434971	0	0.0	166
1766	453.4717305859837	0	0.0	165
1767	453.50064364376226	0	0.0	164
1768	453.5363482366582	0	0.0	163
1769	453.5458672705013	0	0.0	162
1770	453.53788526635844	0	0.0	161
1771	453.52021806957464	0	0.0	160
1772	453.5225832312558	0	0.0	159
1773	453.54887393345194	0	0.0	158
1774	453.61382679020585	0	0.0	157
1775	453.6906757093992	0	0.0	156
1776	453.78859748819895	0	0.0	155
1777	453.92515428539025	0	0.0	154
1778	454.05799372147203	0	0.0	153
1779	454.20621880619655	0	0.0	152
1780	454.37842264499676	0	0.0	151
1781	454.56691370321175	0	0.0	150
1782	454.77802412061277	0	0.0	149
1783	455.01540685535747	0	0.0	148
1784	455.28472538426075	0	0.0	147
1785	455.57510801934467	0	0.0	146
1786	455.9036798676217	0	0.0	145
1787	456.22594637629845	0	0.0	144
1788	456.5317691607803	0	0.0	143
1789	456.8158604473524	0	0.0	142
1790	457.1092451556698	0	0.0	141
1791	457.37214215142797	0	0.0	140
1792	457.62510348643224	0	0.0	139
1793	457.8787803735215	0	0.0	138
1794	458.1028987346249	0	0.0	137
1795	458.3060710650401	0	0.0	136
1796	458.5096668827358	0	0.0	135
1797	458.69882269034304	0	0.0	134
1798	458.86551921102534	0	0.0	133
1799	459.01813346668695	0	0.0	132
1800	459.178005813327	0	0.0	131
1801	459.3208267571245	0	0.0	130
1802	459.4796269754597	0	0.0	129
1803	459.633103543358	0	0.0	128
1804	459.7847809014664	0	0.0	127
1805	459.9241061355369	0	0.0	126
1806	460.07536003285156	0	0.0	125
1807	460.18923089905866	0	0.0	124
1808	460.296118260116	0	0.0	123
1809	460.3838773695777	0	0.0	122
1810	460.45540428697973	0	0.0	121
1811	460.49342855740537	0	0.0	120
1812	460.5267227904863	0	0.0	119
1813	460.5391570627544	0	0.0	118
1814	460.5102695761132	0	0.0	117
1815	460.4944724215144	0	0.0	116
1816	460.501407095074	0	0.0	115
1817	460.51495674603234	0	0.0	114
1818	460.56088651995566	0	0.0	113
1819	460.66309604910253	0	0.0	112
1820	460.8164459576582	0	0.0	111
1821	460.9850497378586	0	0.0	110
1822	461.20531269872976	0	0.0	109
1823	461.43694746338065	0	0.0	108
1824	461.61730547642816	0	0.0	107
1825	461.8099594664384	0	0.0	106
1826	462.02086215020216	0	0.0	105
1827	462.25656692537785	0	0.0	104
1828	462.5069750333117	0	0.0	103
1829	462.7309507265827	0	0.0	102
1830	462.94159507776874	0	0.0	101
1831	463.1099519866236	0	0.0	100
1832	463.2338923098863	0	0.0	99
1833	463.33473958260805	0	0.0	98
1834	463.41019314609053	0	0.0	97
1835	463.46665915522937	0	0.0	96
1836	463.4921119908538	0	0.0	95
1837	463.4790030560128	0	0.0	94
1838	463.4689558432299	0	0.0	93
1839	463.4168253444786	0	0.0	92
1840	463.3879876770685	0	0.0	91
1841	463.40882279574953	0	0.0	90
1842	463.448262494135	0	0.0	89
1843	463.46633307278785	0	0.0	88
1844	463.5192238009894	0	0.0	87
1845	463.604705244783	0	0.0	86
1846	463.72548345513815	0	0.0	85
1847	463.86618246159804	0	0.0	84
1848	464.03406037555595	0	0.0	83
1849	464.2375042147235	0	0.0	82
1850	464.50828580709566	0	0.0	81
1851	464.84601419863486	0	0.0	80
1852	465.2266273285675	0	0.0	79
1853	465.6164756581394	0	0.0	78
1854	465.9351011975828	0	0.0	77
1855	466.21310958959504	0	0.0	76
1856	466.51477296887754	0	0.0	75
1857	466.82138995721283	0	0.0	74
1858	467.09925206565396	0	0.0	73
1859	467.3580336425814	0	0.0	72
1860	467.60838344999166	0	0.0	71
1861	467.8536632286097	0	0.0	70
1862	468.07574220711757	0	0.0	69
1863	468.26572829624484	0	0.0	68
1864	468.435276488207	0	0.0	67
1865	468.5981272093876	0	0.0	66
1866	468.73137265910617	0	0.0	65
1867	468.89766465101746	0	0.0	64
1868	469.0317931672661	0	0.0	63
1869	469.06216903895177	0	0.0	62
1870	469.0619619628571	0	0.0	61
1871	468.9987836864251	0	0.0	60
1872	468.87253091395905	0	0.0	59
1873	468.6823853035755	0	0.0	58
1874	468.45300750929306	0	0.0	57
1875	468.2424049706152	0	0.0	56
1876	468.123827544415	0	0.0	55
1877	468.0475621404717	0	0.0	54
1878	468.0384601171915	0	0.0	53
1879	468.14461959049515	0	0.0	52
1880	468.32218593975404	0	0.0	51
1881	468.5559030320695	0	0.0	50
1882	468.9160778167394	0	0.0	49
1883	469.2865704862474	0	0.0	48
1884	469.7639563491905	0	0.0	47
1885	470.18862453168896	0	0.0	46
1886	470.6266757369706	0	0.0	45
1887	471.0488281392154	0	0.0	44
1888	471.5107385687043	0	0.0	43
1889	471.9787019957604	0	0.0	42
1890	472.4032837172506	0	0.0	41
1891	472.71225253734553	0	0.0	40
1892	472.88951405221803	0	0.0	39
1893	472.94845942140415	0	0.0	38
1894	472.9839385588054	0	0.0	37
1895	472.83345200501117	0	0.0	36
1896	472.5868990174291	0	0.0	35
1897	472.13275322255987	0	0.0	34
1898	471.5023574822453	0	0.0	33
1899	470.87519880160147	0	0.0	32
1900	470.2811310105722	0	0.0	31
1901	469.7373783182774	0	0.0	30
1902	469.3727429218252	0	0.0	29
1903	469.1218765539647	0	0.0	28
1904	468.9674799408879	0	0.0	27
1905	469.0341525633998	0	0.0	26
1906	469.3245283986542	0	0.0	25
1907	469.7906367188911	0	0.0	24
1908	470.4756136406846	0	0.0	23
1909	471.14805043805774	0	0.0	22
1910	471.915848993332	0	0.0	21
1911	472.78638430901066	0	0.0	20
1912	473.6783158376388	0	0.0	19
1913	474.6990701580556	0	0.0	18
1914	475.47526718110606	0	0.0	17
1915	476.1979055018921	0	0.0	16
1916	476.69380509242336	0	0.0	15
1917	477.2467286209772	0	0.0	14
1918	477.85125456426977	0	0.0	13
1919	478.5554082495121	0	0.0	12
1920	478.9318255050937	0	0.0	11
1921	479.2904229894838	0	0.0	10
1922	479.52765442887085	0	0.0	9
1923	479.4895195544	0	0.0	8
1924	479.73173936937866	0	0.0	7
1925	479.8171411671028	0	0.0	6
1926	480.2483513872984	0	0.0	5
1927	480.1781100136945	0	0.0	4
1928	480.2541420131936	0	0.0	3
1929	480.33542133266815	0	0.0	2
1930	481.20463302528583	0	0.0	1
