lines	n	af1	af2	beta3	pmin	p80	pmax
1000	1000	0.01	0.01	0.1	0.03398364	1	1
1000	1000	0.01	0.01	0.2	0.03698108	1	1
1000	1000	0.01	0.01	0.5	0.02068697	1	1
1000	1000	0.01	0.01	1.0	0.01492059	1	1
1000	1000	0.01	0.01	2.0	0.00069071	1	1
1000	1000	0.01	0.01	5.0	0.001957197	1	1
1000	1000	0.05	0.01	0.1	0.00637554	1	1
1000	1000	0.05	0.01	0.2	0.00968927	1	1
1000	1000	0.05	0.01	0.5	0.007174795	1	1
1000	1000	0.05	0.01	1.0	0.001153599	1	1
1000	1000	0.05	0.01	2.0	0.0004428916	0.4333775	1
1000	1000	0.05	0.01	5.0	6.187769e-06	0.05971327	1
1000	1000	0.05	0.05	0.1	0.0002825952	0.7807637	1
1000	1000	0.05	0.05	0.2	0.0005555736	0.790009	1
1000	1000	0.05	0.05	0.5	0.000640651	0.7191286	1
1000	1000	0.05	0.05	1.0	4.531431e-06	0.4870085	0.9993089
1000	1000	0.05	0.05	2.0	3.206039e-08	0.0207631	0.7799496
1000	1000	0.05	0.05	5.0	2.49105e-13	2.136905e-06	0.00149114
1000	1000	0.1	0.01	0.1	0.007553286	0.9225734	1
1000	1000	0.1	0.01	0.2	0.008206799	0.8719061	1
1000	1000	0.1	0.01	0.5	0.0006724163	0.8093474	1
1000	1000	0.1	0.01	1.0	0.0002116519	0.6112801	1
1000	1000	0.1	0.01	2.0	6.594136e-05	0.2248944	1
1000	1000	0.1	0.01	5.0	7.226031e-09	0.008400617	0.486597
1000	1000	0.1	0.05	0.1	0.0003256187	0.7916338	0.9990022
1000	1000	0.1	0.05	0.2	3.729175e-05	0.7759865	0.9997223
1000	1000	0.1	0.05	0.5	2.267838e-05	0.688908	0.9993121
1000	1000	0.1	0.05	1.0	5.307035e-07	0.1564781	0.9977854
1000	1000	0.1	0.05	2.0	1.639499e-11	0.0004679108	0.2161588
1000	1000	0.1	0.05	5.0	1.566348e-20	1.062859e-10	1.89743e-06
1000	1000	0.1	0.1	0.1	0.0008522161	0.7821815	0.9988512
1000	1000	0.1	0.1	0.2	0.0001902996	0.7629326	0.9975103
1000	1000	0.1	0.1	0.5	1.57304e-06	0.4883282	0.997537
1000	1000	0.1	0.1	1.0	1.014634e-09	0.02008098	0.7024414
1000	1000	0.1	0.1	2.0	2.770808e-17	3.797641e-07	0.007151144
1000	1000	0.1	0.1	5.0	4.07469e-31	9.141497e-19	2.256113e-10
1000	1000	0.2	0.01	0.1	5.083902e-05	0.7917167	1
1000	1000	0.2	0.01	0.2	0.000982905	0.7798741	1
1000	1000	0.2	0.01	0.5	0.0002334711	0.7348117	1
1000	1000	0.2	0.01	1.0	2.498752e-06	0.4998324	0.9949403
1000	1000	0.2	0.01	2.0	1.47786e-08	0.05921808	0.992311
1000	1000	0.2	0.01	5.0	2.036247e-10	0.0007103841	0.3677233
1000	1000	0.2	0.05	0.1	2.502994e-05	0.7803088	0.9995178
1000	1000	0.2	0.05	0.2	0.0003649802	0.7429675	0.9987457
1000	1000	0.2	0.05	0.5	8.389734e-06	0.4901559	0.9984077
1000	1000	0.2	0.05	1.0	1.164501e-08	0.01822178	0.9082835
1000	1000	0.2	0.05	2.0	2.636169e-16	5.815517e-07	0.005473107
1000	1000	0.2	0.05	5.0	2.106976e-30	2.445897e-16	1.672857e-09
1000	1000	0.2	0.1	0.1	0.0004500728	0.7876683	0.9996578
1000	1000	0.2	0.1	0.2	0.000102232	0.6816849	0.9999845
1000	1000	0.2	0.1	0.5	3.545693e-09	0.171016	0.9884196
1000	1000	0.2	0.1	1.0	5.328782e-13	0.0001906837	0.2330541
1000	1000	0.2	0.1	2.0	1.760865e-27	9.712803e-13	5.812467e-06
1000	1000	0.2	0.1	5.0	1.01778e-47	5.626754e-30	1.687447e-22
1000	1000	0.2	0.2	0.1	7.053641e-05	0.7721115	0.9993081
1000	1000	0.2	0.2	0.2	5.135914e-05	0.579675	0.9986697
1000	1000	0.2	0.2	0.5	3.029012e-12	0.01243016	0.6678675
1000	1000	0.2	0.2	1.0	1.428583e-21	2.499814e-08	0.001262222
1000	1000	0.2	0.2	2.0	9.481042e-42	5.621461e-23	1.970406e-15
1000	1000	0.2	0.2	5.0	1.94744e-77	5.468588e-52	2.384304e-39
1000	10000	0.01	0.01	0.1	0.008902112	0.9419186	1
1000	10000	0.01	0.01	0.2	0.005083768	0.9458118	1
1000	10000	0.01	0.01	0.5	0.0008553254	0.8380306	1
1000	10000	0.01	0.01	1.0	0.0001680474	0.7320156	1
1000	10000	0.01	0.01	2.0	2.523008e-05	0.2306808	1
1000	10000	0.01	0.01	5.0	7.13393e-09	0.001264285	0.1151304
1000	10000	0.05	0.01	0.1	0.0008210105	0.7980599	0.9986139
1000	10000	0.05	0.01	0.2	0.0003637946	0.7685772	0.9996313
1000	10000	0.05	0.01	0.5	3.437649e-06	0.6987611	0.9995625
1000	10000	0.05	0.01	1.0	1.300631e-07	0.2270912	0.9892211
1000	10000	0.05	0.01	2.0	5.084835e-12	0.00044999	0.2474072
1000	10000	0.05	0.01	5.0	9.271827e-24	2.237158e-13	8.453794e-08
1000	10000	0.05	0.05	0.1	2.097075e-05	0.7842352	0.9997232
1000	10000	0.05	0.05	0.2	0.0001463693	0.7106232	0.9998449
1000	10000	0.05	0.05	0.5	1.211536e-08	0.1756374	0.9967497
1000	10000	0.05	0.05	1.0	3.074693e-15	8.515082e-05	0.07692794
1000	10000	0.05	0.05	2.0	1.429695e-34	6.318126e-18	1.193478e-11
1000	10000	0.05	0.05	5.0	2.122673e-79	1.581255e-57	1.442829e-47
1000	10000	0.1	0.01	0.1	0.0001155842	0.7687456	0.9981017
1000	10000	0.1	0.01	0.2	0.0002272429	0.7779011	0.9991775
1000	10000	0.1	0.01	0.5	3.040671e-06	0.5323131	0.9998305
1000	10000	0.1	0.01	1.0	2.946024e-10	0.02617885	0.8863401
1000	10000	0.1	0.01	2.0	3.542705e-19	1.63208e-07	0.001263261
1000	10000	0.1	0.01	5.0	2.575885e-38	1.675932e-22	2.558469e-15
1000	10000	0.1	0.05	0.1	0.0002911305	0.7666639	0.9994049
1000	10000	0.1	0.05	0.2	2.242125e-06	0.60043	0.9983632
1000	10000	0.1	0.05	0.5	2.20326e-10	0.0149881	0.9570058
1000	10000	0.1	0.05	1.0	2.103984e-21	1.412603e-09	8.621258e-05
1000	10000	0.1	0.05	2.0	1.823623e-59	2.837853e-35	8.073434e-27
1000	10000	0.1	0.05	5.0	8.191344e-133	2.840902e-102	1.091301e-85
1000	10000	0.1	0.1	0.1	5.634542e-05	0.7354644	0.9985678
1000	10000	0.1	0.1	0.2	3.899555e-06	0.3107699	0.9935076
1000	10000	0.1	0.1	0.5	5.641832e-15	9.733331e-05	0.302845
1000	10000	0.1	0.1	1.0	2.715173e-36	1.689838e-19	5.202423e-13
1000	10000	0.1	0.1	2.0	2.497434e-98	6.991023e-69	3.89037e-55
1000	10000	0.1	0.1	5.0	1.513538e-227	5.627467e-186	2.780968e-166
1000	10000	0.2	0.01	0.1	0.0006509455	0.7751389	0.997951
1000	10000	0.2	0.01	0.2	5.831898e-06	0.7313837	0.9985714
1000	10000	0.2	0.01	0.5	9.601048e-08	0.2198616	0.9767145
1000	10000	0.2	0.01	1.0	2.979587e-18	0.0003545334	0.1588987
1000	10000	0.2	0.01	2.0	5.103866e-29	6.577429e-14	2.958065e-07
1000	10000	0.2	0.01	5.0	3.364124e-53	1.136384e-33	2.164225e-22
1000	10000	0.2	0.05	0.1	1.193813e-05	0.7241476	0.9982442
1000	10000	0.2	0.05	0.2	8.108389e-06	0.3138062	0.9939876
1000	10000	0.2	0.05	0.5	3.677686e-16	6.108506e-05	0.07982553
1000	10000	0.2	0.05	1.0	6.808079e-39	9.843676e-20	5.424665e-13
1000	10000	0.2	0.05	2.0	2.812054e-102	1.206336e-66	3.675375e-51
1000	10000	0.2	0.05	5.0	1.765204e-203	8.883608e-163	2.057304e-144
1000	10000	0.2	0.1	0.1	2.050289e-05	0.5171809	0.9983312
1000	10000	0.2	0.1	0.2	3.783426e-08	0.08990813	0.9828022
1000	10000	0.2	0.1	0.5	4.510927e-24	7.92859e-10	5.390834e-05
1000	10000	0.2	0.1	1.0	2.190746e-66	6.227055e-41	9.879818e-29
1000	10000	0.2	0.1	2.0	1.422974e-162	6.884427e-128	3.606634e-108
1000	10000	0.2	0.1	5.0	0	2.499691e-305	2.16727e-273
1000	10000	0.2	0.2	0.1	1.867786e-07	0.2747107	0.9917568
1000	10000	0.2	0.2	0.2	2.883998e-12	0.001736445	0.745003
1000	10000	0.2	0.2	0.5	5.5814e-42	1.469566e-21	1.139853e-11
1000	10000	0.2	0.2	1.0	3.325272e-116	9.300758e-84	2.552694e-69
1000	10000	0.2	0.2	2.0	1.145343e-298	1.020522e-236	1.285692e-210
1000	10000	0.2	0.2	5.0	0	0	0
1000	100000	0.01	0.01	0.1	0.0006514064	0.8048577	0.9969693
1000	100000	0.01	0.01	0.2	0.0009733814	0.7696646	0.9993415
1000	100000	0.01	0.01	0.5	5.673665e-06	0.5448121	0.9967292
1000	100000	0.01	0.01	1.0	1.56128e-09	0.0437165	0.9118335
1000	100000	0.01	0.01	2.0	1.569221e-18	1.392125e-07	0.001646936
1000	100000	0.01	0.01	5.0	1.27787e-43	5.987372e-30	4.462611e-22
1000	100000	0.05	0.01	0.1	1.940679e-05	0.7756247	0.9997402
1000	100000	0.05	0.01	0.2	2.21298e-06	0.6498529	0.9973361
1000	100000	0.05	0.01	0.5	1.367869e-10	0.02775994	0.9963558
1000	100000	0.05	0.01	1.0	1.072716e-20	2.737133e-08	0.0002347515
1000	100000	0.05	0.01	2.0	1.257548e-58	3.741488e-37	2.055995e-27
1000	100000	0.05	0.01	5.0	3.108705e-158	1.438643e-129	4.73627e-112
1000	100000	0.05	0.05	0.1	1.517508e-05	0.5666738	0.9973673
1000	100000	0.05	0.05	0.2	1.65656e-10	0.07492111	0.9134798
1000	100000	0.05	0.05	0.5	5.510402e-23	1.294416e-09	0.0002039817
1000	100000	0.05	0.05	1.0	7.03609e-68	1.561814e-44	2.557867e-32
1000	100000	0.05	0.05	2.0	2.38452e-229	2.65686e-185	8.78511e-156
1000	100000	0.05	0.05	5.0	0	0	0
1000	100000	0.1	0.01	0.1	2.166117e-05	0.7257585	0.9998244
1000	100000	0.1	0.01	0.2	3.679085e-06	0.3955407	0.9998627
1000	100000	0.1	0.01	0.5	6.816573e-13	0.0003964261	0.2719769
1000	100000	0.1	0.01	1.0	1.043871e-34	7.579968e-18	1.120374e-10
1000	100000	0.1	0.01	2.0	1.818986e-105	1.669846e-73	1.85762e-57
1000	100000	0.1	0.01	5.0	8.571902e-267	1.27041e-223	1.262249e-193
1000	100000	0.1	0.05	0.1	8.589349e-07	0.2722763	0.9965514
1000	100000	0.1	0.05	0.2	4.935588e-11	0.003347339	0.6098605
1000	100000	0.1	0.05	0.5	5.752829e-42	1.194615e-20	3.041761e-12
1000	100000	0.1	0.05	1.0	2.902406e-133	9.712785e-95	4.318241e-75
1000	100000	0.1	0.05	2.0	0	0	0
1000	100000	0.1	0.05	5.0	0	0	0
1000	100000	0.1	0.1	0.1	2.071591e-11	0.06452899	0.8451877
1000	100000	0.1	0.1	0.2	7.678983e-21	2.113747e-06	0.06318125
1000	100000	0.1	0.1	0.5	2.023254e-74	2.589768e-45	1.286649e-33
1000	100000	0.1	0.1	1.0	5.341727e-255	5.259785e-201	9.160856e-175
1000	100000	0.1	0.1	2.0	0	0	0
1000	100000	0.1	0.1	5.0	0	0	0
1000	100000	0.2	0.01	0.1	7.657519e-06	0.5964797	0.9976546
1000	100000	0.2	0.01	0.2	2.982885e-09	0.1110567	0.9696435
1000	100000	0.2	0.01	0.5	1.200551e-22	1.045435e-08	0.0001526989
1000	100000	0.2	0.01	1.0	5.298775e-65	2.156811e-38	2.511857e-28
1000	100000	0.2	0.01	2.0	4.398289e-181	1.196583e-139	7.298713e-119
1000	100000	0.2	0.01	5.0	0	0	1.279419e-308
1000	100000	0.2	0.05	0.1	1.158744e-12	0.06228503	0.9696584
1000	100000	0.2	0.05	0.2	5.065941e-18	1.065283e-06	0.01284362
1000	100000	0.2	0.05	0.5	1.040328e-73	2.17866e-46	2.68752e-33
1000	100000	0.2	0.05	1.0	7.510827e-252	1.01429e-204	1.538646e-175
1000	100000	0.2	0.05	2.0	0	0	0
1000	100000	0.2	0.05	5.0	0	0	0
1000	100000	0.2	0.1	0.1	9.440232e-15	0.001294944	0.2590324
1000	100000	0.2	0.1	0.2	3.547901e-29	6.783161e-14	1.633939e-06
1000	100000	0.2	0.1	0.5	2.904446e-138	3.196855e-101	1.953676e-78
1000	100000	0.2	0.1	1.0	0	0	0
1000	100000	0.2	0.1	2.0	0	0	0
1000	100000	0.2	0.1	5.0	0	0	0
1000	100000	0.2	0.2	0.1	4.384715e-21	1.83481e-07	0.007112612
1000	100000	0.2	0.2	0.2	1.054524e-56	4.056868e-31	3.083431e-18
1000	100000	0.2	0.2	0.5	1.463248e-288	8.361944e-225	1.094668e-195
1000	100000	0.2	0.2	1.0	0	0	0
1000	100000	0.2	0.2	2.0	0	0	0
1000	100000	0.2	0.2	5.0	0	0	0
1000	1000000	0.01	0.01	0.1	4.914348e-05	0.7646794	0.9980086
1000	1000000	0.01	0.01	0.2	9.397358e-06	0.5254261	0.995131
1000	1000000	0.01	0.01	0.5	3.644368e-12	0.001924711	0.419971
1000	1000000	0.01	0.01	1.0	2.105155e-34	1.877136e-15	6.002385e-08
1000	1000000	0.01	0.01	2.0	9.608327e-106	1.891742e-75	1.677019e-59
1000	1000000	0.01	0.01	5.0	0	2.801184e-299	2.018116e-281
1000	1000000	0.05	0.01	0.1	4.109807e-06	0.3990231	0.997653
1000	1000000	0.05	0.01	0.2	1.188227e-11	0.006499053	0.4936592
1000	1000000	0.05	0.01	0.5	2.645873e-35	1.956378e-17	9.791076e-11
1000	1000000	0.05	0.01	1.0	1.624341e-115	9.114214e-84	7.692881e-70
1000	1000000	0.05	0.01	2.0	0	0	0
1000	1000000	0.05	0.01	5.0	0	0	0
1000	1000000	0.05	0.05	0.1	8.328803e-15	0.001812308	0.2334608
1000	1000000	0.05	0.05	0.2	1.5221e-29	4.124665e-13	4.182605e-07
1000	1000000	0.05	0.05	0.5	1.663636e-136	1.114006e-97	6.516369e-76
1000	1000000	0.05	0.05	1.0	0	0	0
1000	1000000	0.05	0.05	2.0	0	0	0
1000	1000000	0.05	0.05	5.0	0	0	0
1000	1000000	0.1	0.01	0.1	6.308308e-09	0.09770936	0.960159
1000	1000000	0.1	0.01	0.2	6.262776e-18	1.781007e-05	0.06064653
1000	1000000	0.1	0.01	0.5	6.876739e-69	3.171912e-38	7.081273e-27
1000	1000000	0.1	0.01	1.0	3.70255e-234	2.151283e-183	1.936341e-157
1000	1000000	0.1	0.01	2.0	0	0	0
1000	1000000	0.1	0.01	5.0	0	0	0
1000	1000000	0.1	0.05	0.1	1.114036e-18	5.086158e-07	0.01433015
1000	1000000	0.1	0.05	0.2	3.956918e-51	7.629324e-29	4.519214e-21
1000	1000000	0.1	0.05	0.5	2.729201e-272	5.731288e-215	1.032279e-175
1000	1000000	0.1	0.05	1.0	0	0	0
1000	1000000	0.1	0.05	2.0	0	0	0
1000	1000000	0.1	0.05	5.0	0	0	0
1000	1000000	0.1	0.1	0.1	2.857814e-32	1.022059e-14	6.886489e-09
1000	1000000	0.1	0.1	0.2	2.697313e-93	3.478664e-63	1.400262e-48
1000	1000000	0.1	0.1	0.5	0	0	0
1000	1000000	0.1	0.1	1.0	0	0	0
1000	1000000	0.1	0.1	2.0	0	0	0
1000	1000000	0.1	0.1	5.0	0	0	0
1000	1000000	0.2	0.01	0.1	9.031081e-14	0.003708182	0.9767198
1000	1000000	0.2	0.01	0.2	9.370985e-29	7.614481e-12	1.654495e-05
1000	1000000	0.2	0.01	0.5	7.171955e-122	1.094395e-86	1.205739e-68
1000	1000000	0.2	0.01	1.0	0	0	0
1000	1000000	0.2	0.01	2.0	0	0	0
1000	1000000	0.2	0.01	5.0	0	0	0
1000	1000000	0.2	0.05	0.1	2.371463e-34	2.570178e-15	1.590074e-08
1000	1000000	0.2	0.05	0.2	7.90667e-99	4.444509e-66	4.649626e-50
1000	1000000	0.2	0.05	0.5	0	0	0
1000	1000000	0.2	0.05	1.0	0	0	0
1000	1000000	0.2	0.05	2.0	0	0	0
1000	1000000	0.2	0.05	5.0	0	0	0
1000	1000000	0.2	0.1	0.1	1.84835e-58	5.175893e-33	4.671984e-24
1000	1000000	0.2	0.1	0.2	1.137485e-202	5.551833e-144	8.19009e-119
1000	1000000	0.2	0.1	0.5	0	0	0
1000	1000000	0.2	0.1	1.0	0	0	0
1000	1000000	0.2	0.1	2.0	0	0	0
1000	1000000	0.2	0.1	5.0	0	0	0
1000	1000000	0.2	0.2	0.1	2.988515e-124	1.830696e-74	5.141632e-58
1000	1000000	0.2	0.2	0.2	0	0	9.311518e-286
1000	1000000	0.2	0.2	0.5	0	0	0
1000	1000000	0.2	0.2	1.0	0	0	0
1000	1000000	0.2	0.2	2.0	0	0	0
1000	1000000	0.2	0.2	5.0	0	0	0
1000	20000	0.01	0.01	0.1	0.0021437	0.8393889	1
1000	20000	0.01	0.01	0.2	0.002193814	0.7793626	1
1000	20000	0.01	0.01	0.5	0.0001336485	0.7743602	1
1000	20000	0.01	0.01	1.0	2.775933e-05	0.5186383	0.9996695
1000	20000	0.01	0.01	2.0	4.172849e-07	0.04228885	1
1000	20000	0.01	0.01	5.0	1.929049e-13	1.723178e-06	0.003917417
1000	20000	0.05	0.01	0.1	0.0006310659	0.7902939	0.9993735
1000	20000	0.05	0.01	0.2	0.0001627009	0.7655245	0.9999917
1000	20000	0.05	0.01	0.5	2.276934e-05	0.5401555	0.989029
1000	20000	0.05	0.01	1.0	1.186146e-09	0.03493849	0.9272887
1000	20000	0.05	0.01	2.0	9.816654e-21	1.062993e-07	0.0004212594
1000	20000	0.05	0.01	5.0	1.344403e-38	4.066745e-26	2.362556e-18
1000	20000	0.05	0.05	0.1	1.870352e-06	0.7743012	0.9990677
1000	20000	0.05	0.05	0.2	1.701433e-05	0.6433048	0.999716
1000	20000	0.05	0.05	0.5	1.375933e-09	0.02405232	0.7683268
1000	20000	0.05	0.05	1.0	4.037835e-23	8.942946e-09	0.0001431189
1000	20000	0.05	0.05	2.0	5.717251e-58	1.79263e-36	4.295417e-28
1000	20000	0.05	0.05	5.0	3.709704e-146	6.754428e-116	2.177192e-103
1000	20000	0.1	0.01	0.1	0.0002374402	0.7878328	0.9984751
1000	20000	0.1	0.01	0.2	0.0001602634	0.7490945	0.9982126
1000	20000	0.1	0.01	0.5	2.439791e-06	0.3016194	0.9996564
1000	20000	0.1	0.01	1.0	2.903812e-12	0.0008945008	0.2718105
1000	20000	0.1	0.01	2.0	1.567909e-27	8.861701e-15	2.204658e-08
1000	20000	0.1	0.01	5.0	1.041537e-62	2.332534e-44	1.107278e-34
1000	20000	0.1	0.05	0.1	2.841488e-05	0.7622748	0.9995253
1000	20000	0.1	0.05	0.2	1.4525e-06	0.3806869	0.9998569
1000	20000	0.1	0.05	0.5	1.265593e-13	0.0001995085	0.1254545
1000	20000	0.1	0.05	1.0	6.528996e-36	9.254183e-19	5.125516e-10
1000	20000	0.1	0.05	2.0	8.477313e-102	4.83121e-71	2.388641e-55
1000	20000	0.1	0.05	5.0	1.918722e-245	6.430787e-206	3.580933e-187
1000	20000	0.1	0.1	0.1	5.40506e-06	0.6018081	0.9985888
1000	20000	0.1	0.1	0.2	8.71676e-09	0.1040247	0.969183
1000	20000	0.1	0.1	0.5	3.714491e-22	4.921527e-09	3.705331e-05
1000	20000	0.1	0.1	1.0	2.028855e-64	2.638629e-39	6.720847e-28
1000	20000	0.1	0.1	2.0	3.418901e-183	1.314599e-138	2.250735e-115
1000	20000	0.1	0.1	5.0	0	0	0
1000	20000	0.2	0.01	0.1	0.0001082303	0.7606226	0.9996371
1000	20000	0.2	0.01	0.2	1.277961e-05	0.6606411	0.9994433
1000	20000	0.2	0.01	0.5	1.185574e-12	0.03736031	0.7758488
1000	20000	0.2	0.01	1.0	1.721548e-21	6.401765e-08	0.003137057
1000	20000	0.2	0.01	2.0	1.019419e-48	2.52684e-27	6.665442e-16
1000	20000	0.2	0.01	5.0	1.022515e-91	7.528836e-68	2.448017e-52
1000	20000	0.2	0.05	0.1	2.25055e-06	0.5947339	0.999443
1000	20000	0.2	0.05	0.2	5.059234e-09	0.09929261	0.9565409
1000	20000	0.2	0.05	0.5	4.639894e-27	3.383262e-09	0.0003505766
1000	20000	0.2	0.05	1.0	7.539682e-65	6.724902e-40	4.440637e-27
1000	20000	0.2	0.05	2.0	8.193501e-168	1.818879e-134	1.182622e-115
1000	20000	0.2	0.05	5.0	0	0	1.062005e-302
1000	20000	0.2	0.1	0.1	6.371257e-06	0.3220052	0.992044
1000	20000	0.2	0.1	0.2	2.472829e-15	0.003581582	0.5948773
1000	20000	0.2	0.1	0.5	7.435191e-41	8.097865e-20	1.006795e-11
1000	20000	0.2	0.1	1.0	3.701741e-116	9.782025e-82	1.75926e-62
1000	20000	0.2	0.1	2.0	3.982169e-321	2.78322e-259	1.865945e-224
1000	20000	0.2	0.1	5.0	0	0	0
1000	20000	0.2	0.2	0.1	6.843139e-08	0.06699833	0.8539078
1000	20000	0.2	0.2	0.2	4.79631e-18	1.67479e-06	0.01224547
1000	20000	0.2	0.2	0.5	1.03957e-75	6.883882e-44	1.461531e-32
1000	20000	0.2	0.2	1.0	1.299188e-213	1.1555e-168	6.207956e-146
1000	20000	0.2	0.2	2.0	0	0	0
1000	20000	0.2	0.2	5.0	0	0	0
1000	50000	0.01	0.01	0.1	0.0001286632	0.7692998	0.9997369
1000	50000	0.01	0.01	0.2	6.999401e-06	0.7857639	0.997311
1000	50000	0.01	0.01	0.5	0.0001562288	0.6830819	0.9997651
1000	50000	0.01	0.01	1.0	4.210861e-06	0.2289972	0.9926137
1000	50000	0.01	0.01	2.0	5.31059e-12	0.0004917992	0.1193006
1000	50000	0.01	0.01	5.0	1.705864e-25	3.618765e-15	1.193051e-09
1000	50000	0.05	0.01	0.1	6.381691e-05	0.8021327	0.998787
1000	50000	0.05	0.01	0.2	4.600843e-05	0.7484533	0.9977868
1000	50000	0.05	0.01	0.5	1.576062e-07	0.2116898	0.9967273
1000	50000	0.05	0.01	1.0	2.075381e-17	0.0002120497	0.07045493
1000	50000	0.05	0.01	2.0	1.82533e-35	2.884861e-18	2.724782e-12
1000	50000	0.05	0.01	5.0	5.442696e-85	1.11661e-64	9.219099e-53
1000	50000	0.05	0.05	0.1	2.075392e-05	0.6982344	0.9991455
1000	50000	0.05	0.05	0.2	1.973652e-06	0.3023071	0.989549
1000	50000	0.05	0.05	0.5	2.403363e-16	3.767257e-05	0.02834259
1000	50000	0.05	0.05	1.0	1.657346e-41	7.272483e-22	1.49926e-13
1000	50000	0.05	0.05	2.0	1.767388e-122	7.307906e-92	2.022585e-74
1000	50000	0.05	0.05	5.0	0	1.632536e-292	2.28089e-264
1000	50000	0.1	0.01	0.1	1.070545e-05	0.7577802	0.9997673
1000	50000	0.1	0.01	0.2	6.910803e-07	0.6208185	0.9969327
1000	50000	0.1	0.01	0.5	4.729453e-09	0.02711139	0.8692741
1000	50000	0.1	0.01	1.0	3.055309e-22	6.053557e-09	0.001149665
1000	50000	0.1	0.01	2.0	1.176842e-62	4.171755e-36	1.392699e-25
1000	50000	0.1	0.01	5.0	3.882023e-142	8.413887e-111	9.202269e-97
1000	50000	0.1	0.05	0.1	4.972637e-06	0.5809497	0.9975532
1000	50000	0.1	0.05	0.2	1.640872e-09	0.06791003	0.9286666
1000	50000	0.1	0.05	0.5	1.438032e-26	1.818934e-10	0.0007126142
1000	50000	0.1	0.05	1.0	2.414309e-74	1.841356e-47	4.077136e-35
1000	50000	0.1	0.05	2.0	6.124714e-226	1.319269e-179	1.55095e-157
1000	50000	0.1	0.05	5.0	0	0	0
1000	50000	0.1	0.1	0.1	1.898681e-06	0.2943216	0.9989269
1000	50000	0.1	0.1	0.2	1.182607e-12	0.001644885	0.6914195
1000	50000	0.1	0.1	0.5	1.513395e-41	2.801971e-22	2.36237e-12
1000	50000	0.1	0.1	1.0	4.4409e-137	1.677378e-99	6.863091e-77
1000	50000	0.1	0.1	2.0	0	0	7.077422e-304
1000	50000	0.1	0.1	5.0	0	0	0
1000	50000	0.2	0.01	0.1	0.0002603254	0.7202595	0.9999904
1000	50000	0.2	0.01	0.2	4.387949e-09	0.3812595	0.9937476
1000	50000	0.2	0.01	0.5	2.269686e-14	0.0001642353	0.08520405
1000	50000	0.2	0.01	1.0	1.219777e-36	1.892473e-19	2.03843e-12
1000	50000	0.2	0.01	2.0	4.484059e-98	1.532965e-69	5.237013e-56
1000	50000	0.2	0.01	5.0	2.774193e-214	1.231471e-171	1.87998e-149
1000	50000	0.2	0.05	0.1	1.409738e-07	0.2441517	0.9983811
1000	50000	0.2	0.05	0.2	3.095013e-13	0.001120711	0.3788099
1000	50000	0.2	0.05	0.5	8.91962e-46	4.860698e-23	2.167135e-12
1000	50000	0.2	0.05	1.0	4.785529e-144	4.065314e-101	3.191795e-81
1000	50000	0.2	0.05	2.0	0	0	2.561584e-314
1000	50000	0.2	0.05	5.0	0	0	0
1000	50000	0.2	0.1	0.1	2.747463e-10	0.04681943	0.9295571
1000	50000	0.2	0.1	0.2	2.617424e-22	4.573689e-07	0.001739224
1000	50000	0.2	0.1	0.5	2.633213e-78	2.035082e-50	3.237727e-37
1000	50000	0.2	0.1	1.0	3.413288e-259	2.341073e-210	1.125311e-188
1000	50000	0.2	0.1	2.0	0	0	0
1000	50000	0.2	0.1	5.0	0	0	0
1000	50000	0.2	0.2	0.1	3.59461e-14	0.0005034785	0.1631717
1000	50000	0.2	0.2	0.2	2.174935e-32	1.303946e-15	2.230419e-09
1000	50000	0.2	0.2	0.5	2.313651e-157	5.229477e-111	1.7185e-84
1000	50000	0.2	0.2	1.0	0	0	0
1000	50000	0.2	0.2	2.0	0	0	0
1000	50000	0.2	0.2	5.0	0	0	0
1000	500000	0.01	0.01	0.1	0.0005470783	0.7624238	0.9992069
1000	500000	0.01	0.01	0.2	7.946706e-08	0.6341157	0.9979458
1000	500000	0.01	0.01	0.5	1.937387e-08	0.0444749	0.9457401
1000	500000	0.01	0.01	1.0	3.887976e-19	7.514013e-08	0.00183858
1000	500000	0.01	0.01	2.0	1.590845e-56	1.703375e-37	1.817043e-24
1000	500000	0.01	0.01	5.0	2.958286e-183	3.17208e-149	9.407423e-131
1000	500000	0.05	0.01	0.1	1.18695e-05	0.6032255	0.9972781
1000	500000	0.05	0.01	0.2	8.408386e-08	0.1134618	0.9848096
1000	500000	0.05	0.01	0.5	7.481522e-21	8.325279e-09	0.005065608
1000	500000	0.05	0.01	1.0	2.851372e-69	6.03953e-42	2.396824e-30
1000	500000	0.05	0.01	2.0	6.760126e-240	6.288183e-189	2.93789e-166
1000	500000	0.05	0.01	5.0	0	0	0
1000	500000	0.05	0.05	0.1	1.198011e-09	0.05111269	0.9957472
1000	500000	0.05	0.05	0.2	1.206388e-20	1.300547e-06	0.004880635
1000	500000	0.05	0.05	0.5	3.762225e-78	5.499721e-48	7.608509e-33
1000	500000	0.05	0.05	1.0	8.931649e-280	1.162032e-227	2.64011e-198
1000	500000	0.05	0.05	2.0	0	0	0
1000	500000	0.05	0.05	5.0	0	0	0
1000	500000	0.1	0.01	0.1	4.281817e-06	0.3688792	0.9986363
1000	500000	0.1	0.01	0.2	2.947148e-11	0.004661823	0.7395302
1000	500000	0.1	0.01	0.5	1.483663e-38	2.777156e-19	4.700091e-10
1000	500000	0.1	0.01	1.0	2.856005e-129	1.997744e-90	2.96502e-72
1000	500000	0.1	0.01	2.0	0	0	0
1000	500000	0.1	0.01	5.0	0	0	0
1000	500000	0.1	0.05	0.1	4.674449e-12	0.001090294	0.2244088
1000	500000	0.1	0.05	0.2	7.515786e-32	2.481075e-14	1.080796e-06
1000	500000	0.1	0.05	0.5	1.478985e-149	8.746297e-106	3.272874e-86
1000	500000	0.1	0.05	1.0	0	0	0
1000	500000	0.1	0.05	2.0	0	0	0
1000	500000	0.1	0.05	5.0	0	0	0
1000	500000	0.1	0.1	0.1	1.161701e-22	2.063135e-07	0.004983232
1000	500000	0.1	0.1	0.2	4.36844e-53	1.60898e-31	9.543333e-20
1000	500000	0.1	0.1	0.5	4.075331e-292	1.237601e-232	1.809611e-200
1000	500000	0.1	0.1	1.0	0	0	0
1000	500000	0.1	0.1	2.0	0	0	0
1000	500000	0.1	0.1	5.0	0	0	0
1000	500000	0.2	0.01	0.1	9.532602e-09	0.07025494	0.9637706
1000	500000	0.2	0.01	0.2	5.834774e-20	3.886661e-06	0.03317075
1000	500000	0.2	0.01	0.5	4.52467e-73	2.727035e-43	1.359219e-30
1000	500000	0.2	0.01	1.0	8.930777e-251	2.873677e-199	2.041897e-171
1000	500000	0.2	0.01	2.0	0	0	0
1000	500000	0.2	0.01	5.0	0	0	0
1000	500000	0.2	0.05	0.1	7.020761e-22	7.199426e-08	0.002327774
1000	500000	0.2	0.05	0.2	5.823658e-53	1.275153e-32	3.312007e-21
1000	500000	0.2	0.05	0.5	1.928258e-296	2.825788e-239	2.501981e-210
1000	500000	0.2	0.05	1.0	0	0	0
1000	500000	0.2	0.05	2.0	0	0	0
1000	500000	0.2	0.05	5.0	0	0	0
1000	500000	0.2	0.1	0.1	9.296327e-37	9.188927e-17	5.109122e-10
1000	500000	0.2	0.1	0.2	4.435943e-108	1.221648e-71	9.113556e-57
1000	500000	0.2	0.1	0.5	0	0	0
1000	500000	0.2	0.1	1.0	0	0	0
1000	500000	0.2	0.1	2.0	0	0	0
1000	500000	0.2	0.1	5.0	0	0	0
1000	500000	0.2	0.2	0.1	2.032006e-61	4.326762e-37	5.818977e-26
1000	500000	0.2	0.2	0.2	1.469632e-209	3.424258e-161	3.743706e-134
1000	500000	0.2	0.2	0.5	0	0	0
1000	500000	0.2	0.2	1.0	0	0	0
1000	500000	0.2	0.2	2.0	0	0	0
1000	500000	0.2	0.2	5.0	0	0	0
